50 1143 10
0.1055926697863212 0.4146129437170043
0.5905238354070373 0.5544535086004413
0.7624990132724385 0.9145304537830942
0.5332117021252442 0.5976204019512409
0.5241464467152726 0.8849208477374592
0.1612173603802708 0.7766612383236383
0.6850538449180485 0.5410949292334492
0.5394118742839957 0.45227812535750733
0.4133414754760345 0.4585951754680434
0.43947061713425584 0.4530126408655536
0.8738723011267242 0.35132749005508723
0.430180570384497 0.2895039415070306
0.47245664512592256 0.14870121464661779
0.8591639090509331 0.1341614326364634
0.35587669292148705 0.875667112820695
0.9301683351277145 0.3022257365973323
0.38171568747338114 0.5581420564801569
0.6710060224662788 0.15787495447319
0.4660254855783088 0.44003586419328977
0.32745876194816215 0.5520473080235523
0.21093755276544646 0.06595316179252719
0.7647405655097703 0.7918745393619095
0.7711163797747811 0.5857869251402941
0.09772292719691067 0.5307221941487114
0.9385143510692997 0.7138378754181285
0.39631422684666695 0.2677719896446681
0.37167093085599334 0.26255799363085575
0.7162689841946035 0.53168808680265
0.4921414447491059 0.728619518390254
0.5095156272332168 0.40980895057156486
0.19360641266682765 0.8927686604223196
0.002494187474154197 0.6356467087067739
0.25855009447458077 0.17750310218119703
0.0004217605953589221 0.3539193274671052
0.12328161974191731 0.818712031554076
0.14247998121869376 0.11032548110314289
0.7959450407905994 0.3493371471786363
0.13544243668285827 0.08108188728497012
0.31577466366939455 0.5445600435377713
0.7497334494927391 0.6093023620434486
0.9956539249064439 0.6154208572686377
0.48602511996673814 0.04829237273761311
0.20548127241618008 0.4065368535093654
0.0674811437859617 0.5260416693468116
0.8902671744008919 0.6279757293545413
0.3303054011425566 0.3934217067223119
0.8768357527199735 0.6532493144767967
0.7765663719700198 0.9021437847812468
0.6547846830152352 0.7269242014807712
0.08961963748934476 0.8159925399219949
18 33 0.4735006722442015
32 45 0.22752948780761936
0 22 0.6871843569764263
12 46 0.6465997585066091
38 40 0.683562041648625
2 49 0.6800561556388879
17 28 0.5981152852108214
31 33 0.2817350036707004
36 43 0.7495893124864218
23 48 0.5906039514569169
27 29 0.24000307177875457
34 41 0.8515452411036243
44 47 0.29680969507394006
27 30 0.6352600603859313
24 28 0.44661758638200966
14 45 0.48292289515639825
20 27 0.6872182156814716
15 49 0.9851286420057037
13 34 1.0050533648504143
1 34 0.5367940527365102
3 13 0.5666030863294366
19 27 0.38934289105112574
9 16 0.11994926397273384
36 44 0.29417023025077915
7 19 0.23426056355839567
32 40 0.8573762400825838
13 44 0.4947928584353252
22 34 0.6884358949856623
17 27 0.37654348169418916
12 38 0.42573871767108445
12 49 0.7693126069446011
11 42 0.2533505022675122
16 31 0.3870606117631094
15 28 0.611293067068835
22 36 0.23774978423955653
2 16 0.5215444668853724
2 23 0.7676171081870644
21 41 0.7941012140186753
25 33 0.40515701727655684
3 37 0.6519451093951181
12 23 0.5351311877779497
39 45 0.4717248616351766
11 40 0.6526729277776595
28 45 0.3722210068725274
8 12 0.3154819649937637
5 34 0.05663382054117
33 46 0.9261209028604344
15 17 0.296651736222587
26 28 0.4813797768692883
41 42 0.45502083293173856
9 20 0.4494912700487974
0 16 0.3111985332664442
6 21 0.2631356803910213
12 41 0.10132146388112115
31 46 0.8745187387623001
11 49 0.6270342839712754
25 34 0.6148835128067403
26 32 0.141529707775942
0 44 0.8131652700940514
12 44 0.6358220653779999
6 37 0.7167180050933297
0 42 0.10021455068196321
30 48 0.49009160531798934
39 44 0.141768905205956
1 19 0.2630760777325442
38 39 0.43876166149603596
18 43 0.40771876446246713
26 42 0.21988386631187226
40 49 0.9279693582537138
29 35 0.4737145912151551
31 48 0.6586459377088241
3 35 0.624601967341561
5 13 0.9486492424017144
9 46 0.48102285526241756
23 27 0.6185468111436773
9 35 0.45347318254507396
5 44 0.7440571294604343
25 37 0.3207916539162837
15 38 0.6604585527104156
47 48 0.2133838844352408
7 25 0.23349400595686112
23 43 0.03060184269445137
20 34 0.757845286716827
35 36 0.6958039670780106
2 33 0.94606901122335
26 44 0.6344069556682879
16 22 0.3903807601919513
5 17 0.8017362066620727
8 47 0.5732954685471908
21 27 0.264662963579275
3 48 0.17748087856231465
0 46 0.8073185309544242
0 31 0.2438959251824944
7 10 0.3493634323906587
0 45 0.22570972544164955
8 15 0.5399642620305147
33 39 0.7916365968471052
6 28 0.26903655082046135
8 14 0.4210121164065656
40 45 0.7014073573310123
18 28 0.2897629527615353
27 28 0.29835405592187986
13 23 0.8585177962150766
13 29 0.4452364260950167
3 18 0.1713092940685905
16 44 0.5133238322183264
0 25 0.3257012274039903
10 26 0.5099865094266822
13 38 0.6809543977580591
32 36 0.5641987835383718
22 40 0.2264846111927713
4 19 0.38664045155766114
37 44 0.9321229849996809
0 15 0.8321994425601121
11 14 0.5908538987013036
5 46 0.726181923764589
5 31 0.21231613970786706
16 34 0.3669943858892853
10 23 0.7966117689994797
27 42 0.5258962993772326
37 49 0.7363378275528881
18 46 0.4628445213792677
18 39 0.3303654886378562
5 45 0.41888340156997445
14 26 0.6133125222801767
15 43 0.8912478677997728
11 21 0.6035781705191892
32 48 0.6773960388956627
26 41 0.2428716468918156
13 43 0.8833638665588209
9 26 0.20216273176014418
36 37 0.712898712646983
6 33 0.7097575619749489
27 47 0.37533078629037114
3 9 0.1723333849882341
33 41 0.5737756165000321
11 26 0.06441631800018507
35 44 0.909476478971306
24 29 0.5258074668510758
23 24 0.8605007676836333
34 44 0.7903462393358287
26 30 0.6548835447434003
11 25 0.04023937072532775
27 33 0.737589980497597
26 47 0.7569744397774562
31 36 0.8435267758945352
36 40 0.33269231907282704
4 29 0.47533711795660544
15 23 0.8632357663457948
2 27 0.38562351269564277
13 17 0.18964630605921257
4 23 0.5543407834559068
10 46 0.301936367646362
18 32 0.33461842304831785
8 37 0.4687687687090165
2 47 0.0187435362108579
13 41 0.382891696654722
19 41 0.5281215056407152
5 26 0.5555113423951188
6 8 0.2839609499194319
13 42 0.708159134187686
15 41 0.5116105441198822
30 42 0.4863767905111254
19 38 0.01387722169845019
21 35 0.9228853415108963
7 18 0.0744005040686895
11 36 0.37062603836265634
1 22 0.1832906164354177
11 27 0.3748329504578706
14 42 0.49264792977387356
2 13 0.7863332062435223
16 26 0.29575468778364644
1 43 0.5238137931249938
0 29 0.4039515241991148
3 23 0.44059714399411526
2 19 0.5662632349287943
5 23 0.25400306394796274
22 35 0.7881924297755345
16 32 0.4000697149604701
25 38 0.28826766730717
23 37 0.4512196438015303
12 21 0.7064713835253864
22 33 0.8048184757340318
1 35 0.6308668639931778
15 45 0.6067555063914278
10 17 0.2803187659444203
22 30 0.6540302347031007
8 26 0.2004170924636854
10 39 0.2862891703547586
39 40 0.24599657764189164
19 25 0.2924953532721592
7 31 0.5673664069794299
23 36 0.7213977094332739
26 37 0.29788836605978775
6 23 0.5874225059906134
3 30 0.44993804807622745
17 42 0.5277746042975959
37 48 0.8287512676499187
1 47 0.39433533136338855
19 30 0.3660703366684842
9 40 0.5794103041883562
5 38 0.2788528727143279
14 17 0.7839209634424377
0 33 0.12142748944758618
7 8 0.12622856482467593
10 42 0.670667310276687
7 39 0.26247242884746885
29 45 0.17995790312303714
7 48 0.29789486756982037
32 42 0.2351015931934947
8 35 0.44120032761132516
7 40 0.48453313584480834
0 28 0.49801614869726535
22 46 0.12541036556407345
11 22 0.4516866530187014
33 47 0.9502370827132082
12 35 0.33220068580354256
5 20 0.7124451330294639
13 45 0.5889882945408539
24 34 0.821950725319183
37 41 0.35211272354570855
10 28 0.536719406539445
2 44 0.313748805719592
5 49 0.08168956609375963
8 38 0.13003553863601297
6 38 0.3692954382615879
9 36 0.37124469385076514
15 32 0.683100868623157
9 47 0.5615624029111214
3 42 0.379368102299635
23 30 0.3745280850978558
30 34 0.10212717943456723
5 32 0.6070124654666968
14 18 0.44934100781525343
2 39 0.30549492238929127
12 39 0.5376205383196878
0 12 0.453098470599028
18 45 0.14350198951922874
1 48 0.18405324348662022
1 11 0.3096905483560555
12 37 0.3437309269259123
24 40 0.11380175903617505
29 31 0.555043631955984
44 48 0.2554267094203564
34 36 0.8202370755454632
3 16 0.15655536470058046
29 47 0.5600979282596537
5 16 0.310435412097919
35 48 0.8016545948562709
13 21 0.6644563932749317
23 34 0.28912176191594186
4 8 0.4404898642276547
6 25 0.3975877215778422
0 49 0.4016972964938171
20 36 0.6500309563542446
36 39 0.26404057284816757
15 31 0.9857732339981465
0 43 0.11776607877295973
12 17 0.19876119526871644
35 46 0.9132604710499533
24 38 0.6453368908012668
2 18 0.5595012673563831
18 35 0.4619422367664264
16 23 0.2853134009115665
12 26 0.1520563261477977
28 32 0.598576831441203
9 13 0.5270754711319887
23 31 0.1416956831538264
39 43 0.6873140123630085
17 34 0.8583167619151845
10 19 0.5821135637682184
24 44 0.09848907646595811
36 46 0.31449310438912015
4 48 0.20501046073780202
9 44 0.48355932250041134
39 49 0.691716035978
24 39 0.21579133985534948
1 18 0.16908943332378237
6 30 0.6043136535563468
33 45 0.3322403561692873
38 41 0.5246587642943439
1 46 0.3028780699459241
6 48 0.18827835931478706
27 34 0.6587994833492301
12 27 0.45400815072639655
2 38 0.5800351273719163
0 9 0.3360788902421134
32 33 0.31265463581305064
21 26 0.6593024672117559
10 16 0.5338449187248255
43 45 0.2943885947885368
0 30 0.4861885522652808
1 7 0.11424640699244658
15 22 0.3251222418560265
6 44 0.22284699689947624
5 35 0.6665991529610998
3 33 0.5858799668021947
24 25 0.7021080751265436
25 46 0.6160306037749628
9 38 0.15388832262264185
18 26 0.2010004391443524
20 46 0.8878835417217869
6 19 0.35776276771822113
29 49 0.584206941469018
20 32 0.1212862041978388
10 32 0.6394031090157412
8 46 0.5027098356618065
43 49 0.2907948078125905
43 47 0.8026547589487618
21 31 0.7780916886200656
8 33 0.42598089639308234
19 24 0.6321116362590071
17 49 0.8781394450276749
26 39 0.5129940789364023
31 38 0.3262536395762146
12 34 0.7555380156715611
7 32 0.39291812470189535
1 49 0.5650731637550872
31 37 0.5702783339092032
41 47 0.901929294881002
30 38 0.36901805162576573
16 47 0.5236833510066946
21 23 0.7163191168961068
10 15 0.07470090787177086
20 48 0.7961676898352075
18 31 0.5031151625755291
15 30 0.9440680115855224
11 35 0.3389344327138478
1 38 0.27492724132298535
13 24 0.5850822770897399
15 48 0.5061669111322435
6 39 0.09399843157451575
2 45 0.6770122928198078
6 42 0.4980920879100853
19 35 0.4788896759150951
5 10 0.8299312393123337
4 13 0.8221170229551357
35 40 0.9914772398857529
31 44 0.887806127620802
36 47 0.553146193499297
3 11 0.3248863913808145
31 32 0.5248430162535018
6 31 0.6890774448285901
26 35 0.27514219826509245
18 21 0.46154214577096747
10 35 0.7700757715571396
7 20 0.5070920600547345
18 41 0.39225367872533035
38 45 0.151835236973692
3 4 0.2874434292249655
11 28 0.4434654888641425
31 47 0.8186625912831518
11 46 0.5760308570415755
16 45 0.1725566897137406
6 20 0.6712272027051754
27 44 0.198863471515672
9 41 0.40738902435820684
8 39 0.3686084864301543
5 8 0.40587262749941777
7 34 0.5544710960507596
14 24 0.6046944209849001
14 41 0.8375485499897306
2 5 0.6168853594276194
2 35 1.0154650354355013
10 44 0.27713361430393824
21 22 0.20618621618114855
5 42 0.37276179276163307
23 49 0.2853854121739468
25 35 0.29869922548516725
2 40 0.3792463098648447
17 48 0.5692804031173752
8 49 0.48221230231933243
19 47 0.5694428754648668
2 8 0.5742716815343327
2 20 1.012078784086817
9 29 0.08229740150686675
5 33 0.452289672781529
36 45 0.4677218429811879
17 40 0.5610209565815704
12 45 0.28301076906681183
0 24 0.8850390312877766
18 20 0.45277778402014923
25 44 0.6113397161141135
22 26 0.5138420076508586
35 49 0.707644129376648
1 37 0.6566428034567905
0 18 0.3613282988990544
5 24 0.7798316399460705
21 42 0.6791583681658765
28 48 0.16265207362070877
11 39 0.4520896728791252
29 44 0.438826257230716
1 27 0.1277893065684234
20 44 0.8816791373738839
25 32 0.1647040625246581
2 32 0.8928459160274165
27 43 0.6488124104024173
21 40 0.2906146614885952
4 36 0.6006033433520056
25 48 0.52690390997408
2 24 0.26694364602013104
14 44 0.589002723371605
5 43 0.26757549711351675
25 28 0.4707051098531172
13 33 0.8864150325183406
8 21 0.4843102878052846
6 15 0.3422566354380506
9 32 0.32960239899842503
38 42 0.17667776639903532
9 14 0.43084190468078837
5 40 0.8498722496357932
2 26 0.7601412229331322
24 33 1.0047681670222648
25 41 0.23710619262699245
19 20 0.499864692881455
15 33 0.9311825385989905
24 48 0.28403129486711043
3 47 0.3898153229742131
11 44 0.5711767102780271
27 36 0.1989978371150024
0 7 0.43545122355897364
1 28 0.20003223179696553
38 48 0.38494737214212366
19 43 0.2612750565750127
12 14 0.736254237586468
44 46 0.028620922299998203
45 47 0.6767178191746328
30 37 0.8137680663360948
29 38 0.23599452963623013
30 32 0.7182078394258388
11 20 0.313117313295943
27 45 0.4099822914503684
0 26 0.30646100707848906
4 33 0.7458218026987607
9 48 0.3484073621565175
8 20 0.4417409861353121
25 42 0.2359510625957346
36 41 0.4320628583223915
6 29 0.21920235870349603
23 29 0.42917739953955814
8 18 0.05585743420037961
8 42 0.21428003383712
28 39 0.2838841748081988
10 25 0.48481257817729134
28 33 0.6182139442475435
13 20 0.6518050147050715
42 49 0.42553246360713404
2 46 0.2852029518512919
17 23 0.6838629771052701
0 40 0.9124323843501876
14 36 0.6860636876624653
10 38 0.590602906072169
7 12 0.310872873419952
17 33 0.6986534537605492
11 16 0.2729748737373145
12 20 0.27429815150706105
3 29 0.18930041002234776
3 24 0.4216357887799552
3 17 0.46082896316954614
10 34 0.8842141599261621
1 29 0.16578413060031427
13 30 1.009183683499699
0 36 0.6934315580970821
2 25 0.7432279655290048
23 28 0.4412814497914382
18 40 0.5579123403736432
26 31 0.5248682283878687
40 47 0.3608453865758454
11 34 0.6117582598353358
4 20 0.8768169032764309
14 37 0.8245950169405198
4 11 0.6027859306085582
47 49 0.6923278508080271
1 36 0.2902939774507148
26 48 0.5438652146024744
31 49 0.2002884491853149
48 49 0.5721404526835715
32 38 0.37149084715181835
13 26 0.5041181217379105
8 24 0.5839138507834083
4 37 0.8928873847001185
0 10 0.7708817293059553
8 16 0.10444985393014515
1 41 0.5168356382706412
14 20 0.8225837567316889
33 40 1.0290141451738495
5 39 0.6118498023322412
14 38 0.3335267066956745
15 29 0.43419217932615867
4 17 0.7417300492107655
8 10 0.4728583273120596
3 43 0.47119896851783977
2 37 1.0429939900315925
1 5 0.48340492824199166
1 6 0.0954692324304333
0 38 0.2471087196043326
7 24 0.4771753239931197
38 49 0.353301140615015
26 49 0.6211624015652254
13 37 0.7256653551750527
5 41 0.7975094263033219
6 26 0.4192751785175325
9 17 0.3751198446514145
30 39 0.6242038316170351
6 34 0.6266253174587214
33 34 0.48075649008826765
41 48 0.6993003282593271
1 15 0.4230570117137421
4 5 0.37873165267560116
19 36 0.5104613626646052
17 43 0.706957572366918
22 37 0.8116702145345591
11 37 0.3609852076527078
22 42 0.5933579550796206
11 41 0.2475916691374062
19 31 0.3355455773179955
18 49 0.532000737312037
28 38 0.254917892175874
21 43 0.7462156631719037
43 46 0.819290344128529
2 34 0.6463590691174772
21 32 0.7960408631410332
41 45 0.3786329198675201
22 43 0.7061671480002948
16 48 0.3210203868872591
0 39 0.6729199905554012
9 33 0.4500926384516814
27 41 0.5354284764476266
11 38 0.27953949036660336
8 30 0.48661084334928995
10 18 0.41738255904532773
4 14 0.168524009125498
18 36 0.34215956830049316
5 18 0.45411962707544357
17 18 0.3487575081298677
22 41 0.6084220741241193
31 40 0.9933656673768085
12 43 0.5535259482977304
3 28 0.1372863232399511
25 27 0.4147562574436681
10 33 0.873454385973134
0 27 0.6217975153599503
23 33 0.20180874780062616
27 32 0.5787517475894386
14 27 0.4982009373228935
34 37 0.737730381103512
42 43 0.1825525582135149
2 42 0.7538741682453874
30 44 0.7452861955539978
3 31 0.5320780773184475
16 40 0.6166044278159072
34 48 0.5393704775184552
29 39 0.3122534601118101
13 36 0.22427040248961097
16 20 0.5209751235406084
26 33 0.3823255677293217
4 41 0.8374965317740943
28 36 0.4859544650269717
5 36 0.7651699857887646
10 40 0.2908196528720444
17 39 0.4582408886948119
2 10 0.5741093864408456
11 47 0.7037831349976363
11 17 0.27445052122003627
8 13 0.5513754580740357
7 46 0.39273947165366335
17 32 0.4129227006570844
27 46 0.2013922025013021
1 33 0.6232450693746926
13 46 0.5193886051235114
21 46 0.17827586479986182
32 47 0.8907552877358056
38 46 0.571491822569561
25 49 0.6281777956020347
29 48 0.3488053625261631
21 44 0.20644551208862838
10 24 0.36822869811686204
13 40 0.5002401005772419
6 16 0.3038167906967804
17 30 0.8763441940700664
30 41 0.893671584442906
26 38 0.2874883455674302
22 27 0.0770384391807819
5 19 0.2794416241008287
19 46 0.5586205546698523
4 35 0.8635202793773878
36 42 0.5932278383279408
13 18 0.49811342873963166
8 27 0.3116210025428443
29 43 0.45706075030609133
10 14 0.7370559613230826
20 45 0.3485460244280677
17 46 0.5364341845979725
6 11 0.35813183491084677
26 46 0.6386166341657668
15 20 0.7570453407176696
13 25 0.4817484917056128
2 31 0.809557581957253
7 47 0.5085482939716408
20 21 0.9130496280799415
15 42 0.7321558221942288
2 29 0.564574520693217
2 15 0.6348464918225065
31 42 0.3060965246484166
0 35 0.3065151442403637
24 43 0.8910478456318038
13 22 0.460128191801983
7 35 0.5239146291572285
12 25 0.14133477038595083
11 45 0.14413171531083838
29 32 0.3419791014509433
12 31 0.6767426584659635
17 19 0.5228733733065153
7 26 0.2532405032464087
9 18 0.02955601074033454
8 17 0.39600968433976624
44 49 0.8224273824590745
4 45 0.5283424614465048
1 26 0.3648281588498727
9 43 0.3790902363327993
24 45 0.6874479237969211
0 4 0.6295846160490294
18 23 0.37930302523321213
23 38 0.21849037931767126
20 40 0.9579637430915411
24 35 0.9989484111180407
24 41 0.8047964465640037
16 25 0.2907368106481868
10 36 0.07795267390064319
16 38 0.06732525303246216
21 38 0.5125766682751856
16 37 0.5368770055491965
32 44 0.7758814709110408
10 43 0.8251010502253376
4 46 0.4219732762787518
16 18 0.14511104269832845
14 16 0.3185746616470222
11 13 0.45624335602352006
1 32 0.502292916104063
7 14 0.4614579043670963
30 47 0.5830353395014103
33 48 0.7532087826597827
8 22 0.3797112367716628
39 48 0.15116271156677125
20 35 0.08158027839546762
9 15 0.5133429077554121
23 39 0.6567286836821155
16 36 0.4638808546362062
2 22 0.3288564529243044
9 39 0.34740394656505047
9 25 0.19020140085549436
25 30 0.6570474080404826
16 46 0.5041718650752234
7 43 0.4776606272347241
15 19 0.6524336342894532
15 24 0.4116967437407388
14 39 0.47547168701558995
14 35 0.7945350651831864
5 11 0.5564741145618921
11 48 0.49171484749408995
7 9 0.09994395626400826
19 21 0.4987308659161921
34 39 0.6605257789690746
13 28 0.6986314514966007
12 32 0.2158368854878832
15 46 0.3550519913668685
8 36 0.3978979830774534
17 36 0.22862092978426615
34 47 0.6585907871662743
7 30 0.5600119005574322
10 27 0.23951774541178245
2 43 0.7962244498496022
29 41 0.3622789532672415
24 37 1.0224014085449382
11 29 0.14410880074168705
37 40 1.0126608214575317
30 31 0.32036788333431077
2 12 0.8189133036142431
8 34 0.46240552542739494
1 4 0.33706767861341796
15 47 0.61926991499886
10 48 0.434824417487742
23 47 0.7738103259193585
22 25 0.491538557020542
43 44 0.82907623579785
28 34 0.37970281989011784
0 34 0.4044860587724687
26 27 0.43724000893721776
18 29 0.05296280513963718
28 41 0.680354638802965
14 30 0.16316895165532055
34 42 0.42029175615988273
0 21 0.7594749897035392
8 28 0.2812873636123894
3 39 0.21683665574498526
7 15 0.41857655340898325
20 28 0.7198627154070859
27 31 0.7213056602450332
24 47 0.24836719476495228
17 25 0.2958596642332437
5 37 0.6960567363965255
0 5 0.3662964289086705
8 44 0.5061105554420502
29 36 0.2927433141105346
35 43 0.42242724200045006
7 44 0.3923889520239017
7 38 0.2419288209257186
41 46 0.7202123659250861
9 12 0.3060939760434201
33 43 0.18472428494396356
9 28 0.28059466677139183
19 28 0.24145006002960326
17 26 0.3171120239861986
29 46 0.4406668643838772
33 49 0.47060377698311806
5 6 0.5743658664225025
28 30 0.3406876960065188
4 30 0.33063318386496504
32 34 0.6553216396274542
1 17 0.40466273862007596
8 25 0.19158135463470533
1 44 0.3086285570322348
0 3 0.46513413827393135
5 15 0.9035345299784262
8 11 0.16992763318481832
21 37 0.9493378372274128
41 44 0.706713826461471
8 48 0.36096438697987465
46 48 0.23395441122592017
16 35 0.5077139040144321
9 31 0.4736070130548335
8 9 0.026718846090042762
10 29 0.369020144483848
1 42 0.4124768019754573
3 26 0.3719707491883211
8 45 0.10555837564620682
1 31 0.5936086274571635
35 37 0.030078477562804608
18 27 0.26649941558840085
15 40 0.31996803915544686
5 14 0.21839051932334141
7 28 0.28035523717543054
34 46 0.7715061516740522
5 48 0.4960670063680468
0 14 0.5246075095579731
0 37 0.33486411301966407
45 49 0.4863082827758582
26 45 0.13724583218646813
35 38 0.46753684579772153
31 43 0.127422796797793
15 25 0.5349647367889127
42 46 0.7152509186436483
12 13 0.386980507562423
14 40 0.6906830098498152
20 30 0.8269971204251864
3 21 0.30222555233019843
20 24 0.9742292335892069
12 22 0.529378461422722
3 44 0.3583434891047239
6 9 0.2609015356275837
14 28 0.20047712492556857
12 48 0.6062881624310145
30 36 0.8112518921496251
7 13 0.4510427850275091
18 34 0.5107533624906727
14 15 0.8115700230250436
10 31 0.916590003789817
13 14 0.8961744783605521
4 24 0.44829693683580424
27 39 0.08452127636781498
4 6 0.3796148746183596
37 39 0.8101668460095498
2 9 0.5633347462670811
1 13 0.4988115057669659
21 24 0.19049159946612848
1 45 0.3060145008772869
16 21 0.4487080685132145
13 47 0.7724113194002706
15 37 0.8249205148059252
6 45 0.384257516527598
31 39 0.7477035102921458
23 40 0.9019168144468428
15 35 0.8107272358460876
4 7 0.43291195237275676
2 48 0.2163295699752596
7 17 0.3224751879797285
25 29 0.1816288945042191
6 12 0.44628510686186335
2 36 0.5661820472138147
24 49 0.8550191870501452
4 43 0.5808075960090961
29 40 0.5278320761759643
32 41 0.26161097038541925
20 38 0.4899544540838391
22 29 0.3152827322636384
39 47 0.29406819719202826
0 32 0.28216493531337344
9 19 0.14951428360302574
17 22 0.4394664245202818
42 45 0.12551123530403552
25 40 0.6928692581076267
19 48 0.3711120942082799
3 12 0.45301171472847596
46 49 0.8038622826747808
42 47 0.7561510571685729
25 43 0.4181320652242022
3 41 0.5513509383464671
12 33 0.5147148783971421
3 40 0.46278468602615125
17 37 0.5410411533195694
26 29 0.20170276309283292
3 45 0.28786815404221777
37 46 0.9365039315474463
19 33 0.3823714122855019
21 39 0.18318791843883206
4 12 0.7380319666090077
26 43 0.40243642221660575
14 46 0.5664521330229678
19 39 0.426138537275956
4 28 0.15954443176293504
7 42 0.33704882556402305
3 36 0.3614877340197345
11 33 0.4345595201347704
17 24 0.6169728319282866
25 31 0.5389118966365382
1 9 0.18195418213762374
29 42 0.3040519618884183
3 10 0.4203686978859555
22 24 0.21075845572734894
20 31 0.6066295195007362
1 2 0.39903742713423207
1 39 0.16839268969088467
0 17 0.6209723460104701
10 13 0.21766357823991642
34 45 0.4730018038664621
34 38 0.3349819166667922
3 8 0.18356711261998226
10 47 0.5593451835717415
4 9 0.44013031624569804
43 48 0.6207086586376752
32 37 0.15637309899413077
23 42 0.1644197670418786
11 32 0.204941963176787
21 47 0.11090156078155666
4 15 0.7102023418833608
18 19 0.17817772152133246
13 16 0.6385267211968929
15 18 0.48416961496551625
17 20 0.46916160625363673
30 35 0.7841117527851001
7 23 0.44860071099744925
19 45 0.1586511416375033
21 48 0.12770607850069648
28 35 0.710317292217376
4 10 0.637989063077548
24 26 0.724544680985965
7 36 0.27641655251870795
6 41 0.5314760512427404
12 19 0.4286169119020693
5 47 0.6280129580908079
17 45 0.4141970374899845
17 35 0.5306606530492088
12 15 0.4827730004924591
5 7 0.49825244035977634
6 22 0.09697491636554138
6 13 0.44261629554841986
38 43 0.24898313637429556
1 24 0.38275419707269354
42 44 0.7196991783325798
29 37 0.4979881866325281
9 10 0.4461442512807261
15 36 0.14225110807887592
8 43 0.3523753660137239
8 40 0.6030605966516668
8 32 0.32089425874738714
21 34 0.6420201165795119
23 32 0.3881096554646831
20 33 0.356709141074795
0 6 0.5931044985036149
5 28 0.3343931166598823
32 39 0.6539967041694342
9 11 0.1637724022371552
1 30 0.5215367507923012
23 46 0.7886885888044937
5 27 0.6067076314544367
9 24 0.5630936435081083
24 42 0.7948404949836417
1 10 0.34863524267604973
28 29 0.3192836362387934
0 20 0.36422683577889964
7 45 0.21723166234279198
6 10 0.26770149491054557
26 40 0.7168451558034137
31 35 0.5436528438454771
15 26 0.5599043493404072
22 31 0.7702376727441459
22 47 0.3164038006358546
9 42 0.23856029060170955
16 29 0.19579462431616246
33 36 0.7955364766676579
6 35 0.692783310286943
11 18 0.1547408081046285
10 41 0.4921947970685614
31 34 0.21932285841431673
9 22 0.3572365077117472
28 49 0.41189543601653367
20 43 0.48193482553226846
21 36 0.44363618287728074
3 27 0.19456885336423735
39 46 0.13448542714304326
40 48 0.35864304794318386
10 45 0.5451943670244819
34 35 0.7086466552120072
19 32 0.38083036457596864
3 32 0.5019338046827687
2 4 0.24018466802559638
24 46 0.08645937318347262
4 16 0.35647005427357453
26 36 0.43305789665040334
25 47 0.7396075096534085
1 23 0.49337197976611175
17 47 0.7517174197499185
14 47 0.4215220281504445
7 29 0.0519366575235656
22 23 0.6756410782167703
3 38 0.2238174866435071
24 30 0.7660966404555218
34 43 0.2979423333993384
5 12 0.7008592467146517
30 45 0.5177199953833782
34 49 0.0337716550365757
14 43 0.45322173765772844
9 23 0.3504714799366416
14 31 0.42718730031128527
11 30 0.6479935595264565
20 41 0.27565390093152564
0 48 0.6317833403314886
11 19 0.28192337474969986
1 21 0.29448296197832324
2 7 0.5132690198296848
5 22 0.6390694933194657
26 34 0.6091014396420583
13 32 0.6021756011155566
13 15 0.1824479070538888
7 27 0.19386691131457126
13 48 0.6270076300675465
22 45 0.4809560230828776
30 46 0.7239971327233474
22 44 0.1263993950185748
4 32 0.7556330386182608
27 38 0.40070112059132007
20 25 0.27403530898230455
1 8 0.2014507599927119
30 33 0.5724324531525566
0 47 0.8293925668891097
19 23 0.23072345838823857
3 34 0.46575120088222893
6 18 0.2412184835825176
21 29 0.4594713084143376
45 48 0.4653071226348522
37 42 0.33290595301226067
6 47 0.37246586246233654
10 22 0.2559882928443429
8 19 0.12692179309355422
3 6 0.16202211390387491
4 31 0.5781510840263575
28 40 0.5160801822913956
12 40 0.7011152675409109
2 6 0.3813814954833393
40 43 0.9324662733024158
1 3 0.07174999165762552
20 23 0.4783594933519429
18 25 0.18583460944736097
15 27 0.3136971509136703
21 30 0.5799774514652949
17 44 0.5187197618095346
5 29 0.5058579679333874
19 34 0.3358547009870783
12 36 0.3806566951371001
4 47 0.2530068145841658
13 49 1.0281498162989038
13 39 0.48757966351853843
10 11 0.4479782395207461
41 43 0.6351562409421782
35 39 0.7859610056763459
19 37 0.5086046565849164
35 41 0.349100800473019
16 27 0.3355975578855375
20 26 0.2539462122863346
9 21 0.4697104699373482
3 7 0.14547446339563347
33 44 0.9310917097076035
4 44 0.44728646425066243
30 43 0.38780957883163025
13 19 0.6762684143915143
8 31 0.44737315462674476
45 46 0.605149412084944
16 28 0.20311674694427803
34 40 0.8957459128348967
4 40 0.5430925766873386
22 48 0.18290105096407497
29 33 0.512152531009116
12 18 0.29140562424155275
18 37 0.48798884183484187
20 37 0.07699604462145544
13 35 0.717080194259014
21 33 0.8809018124465502
21 45 0.58949009480846
21 49 0.675551586040753
6 32 0.5604502349375354
12 42 0.37115369633248585
37 43 0.45011992289248787
14 29 0.49053924355812845
17 31 0.8216896754054864
5 9 0.42681763029517006
25 45 0.14193314085345804
19 40 0.6711936997207021
39 42 0.5807962497327781
21 25 0.64064143609418
18 22 0.33811806442244463
3 5 0.41283823875605763
19 22 0.44493869647264284
7 33 0.5478912262270081
31 41 0.7607807033954802
28 47 0.33317894629035966
36 48 0.40311069222216395
27 35 0.7118850085638598
23 44 0.7984889691699923
15 34 0.9580314526904765
14 34 0.23946680218664249
44 45 0.6071019494644863
4 39 0.3561671594608074
33 37 0.3044188754598925
10 37 0.7863277627803626
15 21 0.5168387533936977
23 25 0.39786879027544836
18 48 0.3434165876724773
4 42 0.5748032178447645
16 41 0.5204105664948186
35 47 1.0144169640614815
3 14 0.32978429149160277
10 30 0.8694367256855273
31 45 0.40759433680207524
27 48 0.20468868988325603
35 45 0.33973793036603206
32 49 0.6604591292455583
18 30 0.5283740493886004
4 18 0.4486654596763387
9 45 0.12437091225273907
28 44 0.4106498129577463
9 37 0.480380703159076
12 28 0.5802522988779115
15 44 0.32818464377339385
3 46 0.3480977794469609
27 37 0.7351227280789112
7 21 0.4075521359214914
24 31 0.9392803656035645
12 29 0.26372451140286646
27 40 0.29166268521439004
32 46 0.7801356380178696
32 35 0.1341085529149467
16 24 0.5781573659627338
22 39 0.031783729803044
41 49 0.8640028085793836
32 43 0.3974751271703798
0 2 0.8254958879261481
7 16 0.18993488159721833
20 29 0.45539616822030415
1 40 0.4096918439771856
7 41 0.40749801699688504
0 13 0.8040663297975869
37 45 0.3681409210128275
18 47 0.5567579118351845
12 47 0.8125013430464387
16 19 0.05459816779158844
0 19 0.2609842281508816
33 42 0.2117026391781676
2 17 0.7621669843299278
7 11 0.19602783649209987
23 26 0.38335303200597937
16 30 0.3838750621414635
16 39 0.37155679246525175
6 14 0.469357159769514
6 24 0.3067284689020754
0 11 0.3478642948747492
5 25 0.5605700705918621
12 30 0.7946029297741535
4 21 0.2579595811378573
5 21 0.6037149191947015
6 7 0.1705872453054677
35 42 0.3028371506855266
16 49 0.38962414482096236
4 49 0.43995983856980536
9 49 0.5041330331148003
1 14 0.39779072514677855
16 33 0.4325413063738548
10 21 0.4538627968579452
16 43 0.31586988349722633
25 36 0.40786966346742554
22 32 0.6553013634325369
6 46 0.22216864380343876
2 3 0.3911580908087908
42 48 0.551834764686037
18 42 0.2626889238796993
2 28 0.32810987604229364
1 12 0.4225810992811521
24 27 0.2873526554426317
14 25 0.6092386026272031
12 24 0.7325225120207413
11 12 0.14701249738328584
36 49 0.8465594077943605
1 16 0.2088407240672772
6 17 0.38347736617809675
3 49 0.4944292775006937
22 28 0.3134137266730482
28 43 0.4705041510307597
30 49 0.12925874086843314
22 49 0.7193277659194613
17 38 0.5250853991281456
3 20 0.621715917122575
28 42 0.4311743237006553
27 49 0.688126751252716
8 41 0.41669089515478663
4 27 0.4021000532269611
23 41 0.6192875951418698
28 37 0.7392828728253399
14 19 0.32486513641470577
10 20 0.7217485627392257
14 49 0.2728623723015637
5 30 0.120540383998155
0 41 0.5281284028273263
1 20 0.6186423318858111
40 44 0.1061319555798953
25 26 0.025188842603740273
9 30 0.5038199715918495
18 44 0.46400690022010105
7 49 0.5784472591712432
21 28 0.27984188092137297
29 30 0.5771037282734172
2 14 0.40847529996115
13 31 0.9926582966871084
2 21 0.1226763950355962
20 39 0.765198909920475
1 49
3 25 48 33
3 27 31 39
4 8 30 5 45
1 17
1 37
1 43
2 4 16
7 11 18 42 24 15 13 34
2 41 35
