50 1134 10
0.4317017374041777 0.2283486875652968
0.042168642581746574 0.03505109986644661
0.7702510990043652 0.4639540704310803
0.03146575050799005 0.47920050283022975
0.2970315218817413 0.4023928330664589
0.7172416139435454 0.2077214131536954
0.7634229621685511 0.034673984636855004
0.5791039963614837 0.034957470232806376
0.2754476999447748 0.01842555215228181
0.8066591955392899 0.10355832897952932
0.5626618408665005 0.09211103923347841
0.4224718447579284 0.9014881195278022
0.6719345681683389 0.492320628004285
0.2884609178751828 0.2879166908570322
0.5648470718982755 0.09531511183307517
0.9060727482960401 0.44126059092052816
0.4756265858202985 0.9482391173398624
0.6616522209430173 0.5957860120468785
0.35819123610454784 0.46602085719623954
0.0018187014619599484 0.9568624188948333
0.8050805328381628 0.13511837133604054
0.21078416890723983 0.6724552296348216
0.5686235157765619 0.002713063748162714
0.12101647773907565 0.29881323611074184
0.0014501550238281702 0.3929515560025554
0.7886243374679419 0.9980220416618191
0.23595417008479413 0.8036028203029107
0.7784720666140993 0.9056341806859916
0.3842814670586705 0.8384299689625108
0.839317559532884 0.3348749572385298
0.5487653355230273 0.7616295641978172
0.3206595566080679 0.9254874446290114
0.7232009820847337 0.43389923782572215
0.3595304892073118 0.5319300997959461
0.8085361245557643 0.294102736583144
0.6980343012004417 0.47945151994023383
0.3030842695306759 0.9826864785447303
0.13821911078160287 0.60453830380483
0.07416318236850161 0.359558432334242
0.1322908132543652 0.8629052395083573
0.5611124524567581 0.7982956418341202
0.00551167657964402 0.5286108936970368
0.972940785638163 0.1974337152261565
0.05609849806157352 0.39780269752481334
0.16251764496713184 0.8511924332378771
0.9581462861276308 0.23929089128134973
0.6245014685397574 0.20250707473850282
0.2579029145706907 0.14426474362603725
0.43217978715996974 0.5704680462010661
0.5272196296090781 0.48911013881189
28 39 0.2531764769345952
12 24 0.6778079084373565
20 25 0.8630605718185502
4 37 0.25706842135796654
33 42 0.6986844946452192
13 34 0.5201119954063501
14 40 0.7029904501079108
4 31 0.5236279754470785
4 32 0.42733249624919056
2 32 0.05583015730845731
0 26 0.6076466303232175
22 36 1.0153122598515585
30 40 0.03868917866544359
34 48 0.4669281283647271
9 16 0.9072310747116193
1 18 0.5344204443598488
12 45 0.38202250609523936
9 22 0.2585164450469035
1 37 0.5775304043000415
29 44 0.8512589854906355
4 34 0.5228419489224978
42 46 0.34847624980297404
7 9 0.237670878514047
18 44 0.4320246489021334
6 7 0.18431918380968923
4 18 0.0882555159662857
1 39 0.8327451483911466
4 46 0.38365463941746614
15 28 0.6557512150424054
21 22 0.7593441689605682
14 20 0.24350855266749205
3 36 0.5720793193406486
4 19 0.6281617076429373
12 41 0.6674102589992813
8 22 0.2935965621060361
7 39 0.9408185421465056
17 48 0.23086488962353044
36 49 0.5420832618533274
26 40 0.3252015909222854
5 37 0.7019477928407185
42 49 0.5326748398485404
40 41 0.6175937868316141
24 27 0.930917034296664
1 27 1.1402006984961097
9 40 0.7368535383038182
2 3 0.7389426532917235
21 30 0.3495473228787796
0 25 0.84840486469755
13 29 0.5528545183318634
8 18 0.4551791404201397
3 47 0.4042966139636186
17 49 0.17161545251872065
31 39 0.19849260910778704
0 29 0.4213057139182371
23 40 0.6657079994937124
3 22 0.7180381218231471
12 17 0.10397505642962376
2 43 0.7172098309217033
14 19 1.0292058628969911
41 47 0.45980789476590384
21 49 0.3657141275893695
25 42 0.8215316314611026
14 39 0.881078612268266
2 8 0.6658273532385298
24 34 0.8131167513438133
18 45 0.6413677100478063
6 8 0.4882457046411868
10 15 0.48973100860048435
33 46 0.42276370388952766
20 36 0.9850745884104416
41 43 0.1402491022911573
5 18 0.44230733276649875
14 26 0.780923823962839
6 41 0.9046563916509717
8 40 0.8305430197214899
12 32 0.07772582599267122
17 35 0.12189081104647982
16 44 0.3278037030562381
38 45 0.892126901938582
23 37 0.30620866676198216
30 39 0.4286114675420109
12 28 0.45003997875360635
7 36 0.9871054466447121
14 24 0.6371840698271458
15 44 0.8490690826029171
36 38 0.663847441903343
18 28 0.37332190757814165
0 34 0.3825281039376758
17 31 0.4743195460625234
46 48 0.41519020418167607
21 29 0.7134526357387175
29 35 0.202146831703273
47 49 0.4375498138269001
6 42 0.2653082136929527
3 29 0.8206426801325505
11 22 0.9105805356107899
2 19 0.9129331791418437
30 33 0.29760993096104665
37 43 0.22244865910470016
10 21 0.6786879071827194
0 45 0.5265582538549783
34 38 0.7372842506951013
28 34 0.6901334293582347
38 47 0.2830400353082891
1 12 0.7782676547264049
9 30 0.7068005331462412
5 32 0.2262563202255625
7 12 0.46668894688934526
9 42 0.19095066207992864
22 24 0.688456027633234
11 19 0.4242821938228944
29 45 0.15250108173070648
0 11 0.6732027077939198
43 44 0.4657115923810235
1 49 0.66441257578725
3 20 0.8466831430076691
13 22 0.399790182694504
2 18 0.41206504610382677
41 49 0.5232012021112515
10 34 0.31820560833823697
7 24 0.6795908518058993
15 19 1.040922968440151
1 22 0.5274471367734936
35 43 0.647107491498413
20 45 0.18515139411256967
7 30 0.7273051398752552
10 46 0.12653625648798708
9 37 0.8353400996521253
2 39 0.7524329614672312
8 17 0.6946215031865788
22 41 0.7704956008885907
17 47 0.6057102923283542
43 45 0.9158690980011455
9 32 0.34072039776091323
1 38 0.3260807559509309
18 48 0.12799812880777098
15 25 0.5690144481800024
15 18 0.5484407189362224
36 42 1.0321480777829877
0 40 0.5844541588959123
31 45 0.9366189407329742
13 47 0.14686617551095252
17 19 0.752167830349709
23 25 0.9667436103393297
19 31 0.3203808357572006
7 22 0.03390489968777157
7 44 0.9163971317065258
8 29 0.6465983641576541
19 29 1.0432031152789727
8 19 0.9775155147987604
10 23 0.4876232407974849
3 37 0.164638526119667
26 38 0.47260103913627094
37 45 0.8976002702907421
10 39 0.8828040102906848
5 23 0.6031435428251523
46 47 0.37119626736488714
15 24 0.9059115846004221
29 33 0.5186775125836084
23 44 0.5539360290684382
19 35 0.8441784928318493
1 30 0.8857519258399471
3 17 0.6408799953803074
2 47 0.6039055619594376
6 19 1.196023644501067
39 41 0.35752714461619045
30 43 0.6124464071634075
6 14 0.2076288286925991
24 25 0.9928511903213372
27 37 0.7075186036614756
42 45 0.04439482405734457
21 42 0.8980691218262818
26 44 0.08750825378589702
40 45 0.6856545604165083
23 43 0.11837760580640465
10 24 0.6367602161381156
5 24 0.7393697440944051
2 44 0.7206202195229569
2 22 0.5033854870416468
30 32 0.37126131176754806
15 27 0.48158567756668064
0 18 0.24878073482165475
18 19 0.6065697174590048
12 14 0.4111947369893729
23 47 0.20645370696054488
31 36 0.05983828370486826
33 49 0.17306991901355756
32 44 0.6989273320300311
14 49 0.3955886091465127
10 47 0.3091892818951544
28 48 0.27220918632282964
6 30 0.7579856933556883
10 42 0.42358196208196536
19 32 0.891001056986151
7 38 0.6002757784827512
29 31 0.7860211411021528
9 29 0.23361068307731708
7 18 0.48437391674689184
31 34 0.7979161579430438
0 17 0.43345981624820695
17 25 0.42180059494411615
10 29 0.36806617143657255
7 20 0.24717928947993956
14 43 0.591881618973334
11 37 0.41107032224538276
33 34 0.5081022685123749
5 10 0.19303021733014517
1 25 1.2184043414114625
14 23 0.4882592373895624
8 27 1.0198885546998462
1 46 0.6059315338456925
19 20 1.1491269944806617
16 36 0.1759473546392977
38 48 0.415522267186565
23 33 0.33351522574103865
20 22 0.27100384941013433
9 36 1.013140666177464
5 15 0.30032939392083857
11 26 0.2106427657666403
6 45 0.28246283185303256
32 43 0.6680783520003966
16 26 0.27993307286752267
5 28 0.7132010528483809
8 35 0.6253993752280488
20 28 0.8195846857505278
11 18 0.44018602114491895
31 47 0.7837393091342235
20 44 0.9621066089564889
25 34 0.7042008714333401
26 48 0.3047233428735836
3 34 0.7988113352302961
28 32 0.5277419351345567
19 42 1.2328057666683019
16 31 0.1566282821013051
20 40 0.7066289806894921
29 48 0.4703884238155617
1 41 0.4949191885980721
3 44 0.3944015660842867
4 48 0.21567181289625686
6 28 0.8886911475048345
15 31 0.759726431588842
9 31 0.9548628803098473
7 37 0.7202789794971014
28 33 0.30749761089107625
9 28 0.847607971156315
17 26 0.47371579696925337
0 24 0.4606631398739953
2 9 0.3622300925512809
8 12 0.6178821729023307
13 30 0.5405203753937182
7 21 0.7362492027421922
15 47 0.7129731177693305
4 8 0.38457344445766567
9 21 0.8238390200390753
6 25 0.9636776371228888
11 32 0.5559472783715433
0 8 0.26169265752786325
19 23 0.6687576816995973
18 25 0.6843229610513515
3 39 0.3967304100104272
41 42 1.0225445734019094
20 47 0.5472540562288513
10 22 0.08959653781595783
35 37 0.5736198662191443
37 42 0.9287057771528892
8 43 0.4382249317391792
21 40 0.3722441612668237
2 48 0.3544537190191684
35 46 0.28654022964882053
31 38 0.6172812239734703
39 46 0.823648629700716
10 45 0.42198324053490227
33 37 0.2329177483793003
7 27 0.8932108158558266
21 27 0.6137116362072318
15 30 0.4799008921238723
28 30 0.1815302871617312
38 39 0.5066920462813475
29 36 0.8409553546078686
11 31 0.10460262723098195
32 37 0.6093615352083974
26 29 0.7640374266612784
3 31 0.5317942195123585
28 29 0.6786939629070967
14 21 0.6770902855976102
8 20 0.5423358292863647
0 9 0.3951780978332539
5 11 0.75379139004032
1 28 0.873188863867176
9 12 0.41144483270938664
1 2 0.8450217875945929
15 45 0.20857471782226641
37 44 0.24784809527196222
3 46 0.6544086001960897
13 42 0.6904345430609947
1 13 0.3529885153602535
16 48 0.38026123455222816
31 46 0.7842324417500983
35 44 0.6518967676884668
6 46 0.2178695194953227
13 31 0.6383832848701637
14 42 0.42067646517599083
6 18 0.5918385559217761
4 43 0.2409767443373327
28 37 0.33948784102947666
15 23 0.7978750508902475
25 45 0.7774385182347532
32 38 0.6532814254374678
9 24 0.8556342903218823
0 22 0.263929930337587
25 44 0.6430929359775553
9 44 0.9868510987092662
44 49 0.513917430662321
2 31 0.6443179420851239
21 25 0.6632443060409059
22 37 0.7398929459106431
6 29 0.30964594920664745
30 44 0.3964956317167312
1 14 0.5261411327876844
7 33 0.5433178807833264
22 42 0.4487633973714357
13 27 0.7884705594561049
9 19 1.1729859721125508
2 27 0.44175661183872605
41 45 0.9955997002342147
29 49 0.3481287248959676
12 13 0.4345492031869991
6 48 0.6299185005992753
22 29 0.4284936275048388
28 41 0.4893407949250491
29 41 0.8560174434688155
22 40 0.7956180331202233
9 47 0.5502639985460267
20 41 0.8911491014710025
18 41 0.358190430324222
9 41 0.9069217330663805
16 43 0.6920867493871714
29 34 0.05108689378326025
27 30 0.2711134667965651
13 25 0.8685695455979975
15 22 0.5533497249633197
7 46 0.17359089967562363
19 25 0.7878814780137292
13 14 0.33687486456872723
2 33 0.41630777062202007
3 26 0.38347408950627315
8 46 0.3946194880236163
19 27 0.7783410447818643
15 33 0.5540120944614116
11 23 0.6738637498828962
39 45 1.0348585011436686
18 31 0.4609969326719469
7 41 0.7567706731967532
5 9 0.13727873835050364
24 48 0.46587564895853245
16 27 0.3058276734772521
9 49 0.47616874012504645
4 41 0.31767092884666515
14 18 0.424416521960283
21 35 0.5240831263984899
23 29 0.71920573679362
26 36 0.19125220757127698
21 23 0.3842740918957605
8 41 0.5771954083647225
5 40 0.6108635155646848
42 48 0.6569452561370932
5 46 0.0928866184906302
46 49 0.3026632989346226
4 13 0.11479652602840437
28 43 0.5494146462139318
11 16 0.07078899839544894
37 41 0.1528928863555929
17 34 0.3355408765486647
3 49 0.49585291118341257
1 7 0.5369353619432042
11 28 0.07372133545675186
25 48 0.5566463297990081
16 39 0.35378146281173145
4 33 0.14382636889148329
20 32 0.30979713848244034
27 36 0.4815917505742202
18 46 0.3746473721312866
16 23 0.7399339862201199
45 47 0.7066616928542541
0 2 0.4124628064143807
18 24 0.3641473900875495
2 28 0.537777607720159
13 19 0.7277720434932278
5 30 0.578963294331813
1 33 0.5895822947346098
3 14 0.6571633186880452
34 49 0.3422964464511615
25 31 0.4735528522688272
10 12 0.41485930612206356
9 46 0.2072975923471138
5 13 0.4362157354873673
2 29 0.14639533268691565
13 36 0.6949236650864966
3 48 0.41097628111956974
29 46 0.252323620113354
7 26 0.8417645023746936
1 23 0.27529519724316204
17 23 0.6168304762873615
7 14 0.06201858426871836
25 30 0.3367695713920412
19 26 0.2798355271008158
7 45 0.4306102697202716
0 49 0.2777052433561462
15 40 0.49645909528016124
14 29 0.36431163598362465
20 38 0.7646002316233406
42 43 0.9384814912165679
34 42 0.19071914501626755
0 46 0.19452384244467755
29 38 0.7655524115543066
4 24 0.2957321121322296
1 40 0.9229544455990426
26 28 0.15236114108044213
10 30 0.6696627271479167
2 41 0.7674678423265311
27 41 0.8600083275725723
15 16 0.6650647525169351
1 35 0.7922445932394195
11 43 0.6228390109071656
14 45 0.4188237063266195
21 31 0.27585848300763416
19 41 0.42826744786343346
21 33 0.20462839470377622
35 45 0.3540273608926189
21 39 0.20599129385116863
15 38 0.8359119383041519
0 21 0.49601934718269797
32 47 0.5480788555149799
11 33 0.37487963960007226
33 35 0.34254756177435075
6 15 0.4308847060310832
7 10 0.05947163127774271
11 41 0.5593685791948907
36 45 0.9908295740190316
9 33 0.6192143845700784
17 28 0.3685249312299591
18 32 0.36642040485145505
38 44 0.49951026206236065
17 32 0.17319231410721356
27 45 0.6901421625233419
25 43 0.9470255363369364
3 41 0.05581219113319872
4 7 0.46322092647010543
0 6 0.3841208943986204
19 36 0.30237034338798435
8 36 0.9646568893371877
22 27 0.9269859533460423
1 19 0.9226940043357951
3 10 0.6572728042752016
19 40 0.5813371850219571
4 29 0.5464730644667606
10 11 0.8214283250014487
27 31 0.458242781074851
17 37 0.5235062783045374
30 38 0.6220196129198567
21 37 0.09939012262279215
13 48 0.3170021794802808
40 44 0.4020894068469161
5 17 0.39202590925638353
9 48 0.5985311281261995
2 13 0.5129434058839122
16 41 0.6301554363551758
25 41 0.9130236938202453
3 28 0.503512402213544
2 38 0.7038727420067514
34 44 0.8530467783708411
40 42 0.7284487839635729
10 27 0.8416614255245367
18 26 0.35903131078510625
3 9 0.8614127465940905
16 34 0.7339776329089048
12 20 0.38121030951004514
3 42 0.9827348392980068
2 4 0.4772070348580144
17 21 0.4573403210652696
7 16 0.919125095639808
24 26 0.4728917359726157
21 32 0.5652255759031095
10 14 0.003878313536283439
21 44 0.18513952923430782
8 11 0.8952181840522927
7 13 0.3853073660998578
33 43 0.33175462813752826
34 40 0.5616306252514871
36 46 0.8437943576146287
22 28 0.855806483141228
24 40 0.6910323545873466
11 15 0.6675921000063116
4 6 0.5939176096591167
7 19 1.0877348234173458
17 46 0.3950297468982983
39 43 0.4713020724057894
12 18 0.3148437014759005
36 44 0.19248288207617095
7 25 0.9855922798394449
27 32 0.47496183962549443
2 26 0.6331149039016396
25 39 0.670097190884122
1 48 0.6624047096130163
6 35 0.44955837540162763
5 44 0.8495726192887353
8 49 0.5337912369885939
28 31 0.10782741561777254
8 48 0.5738604903619289
7 34 0.34611467827808784
6 22 0.19740396343204136
27 47 0.9223208019708681
2 17 0.17080215790901102
22 33 0.5690259791987445
27 42 0.7344154014972639
3 16 0.6459690933213782
14 16 0.8575777832393587
3 35 0.6665685979565982
0 42 0.5421212436789026
0 36 0.7652241213800848
31 37 0.36917863869560436
28 49 0.37743299014493326
20 35 0.36058870328327547
26 42 0.9542485291863761
14 48 0.49332638230521075
0 5 0.2862839596340822
23 45 0.839243245803413
14 36 0.9251744198598715
16 49 0.4620186804573277
21 45 0.8638179659380478
8 32 0.6108202560116833
8 16 0.9511176858608009
7 8 0.30410598591434096
40 49 0.31103761624551735
19 34 1.0440514341836802
14 33 0.48248061809953907
11 24 0.6602035289731677
26 47 0.6597033020536321
24 42 0.9909698640389137
21 36 0.3236707221472127
41 44 0.35876137440063344
9 14 0.24195258578634948
5 42 0.25590604356670016
34 36 0.8541833219175633
11 45 0.8517348626386189
28 42 0.8702850054174857
39 48 0.4188709929078432
15 41 0.9047874442575624
28 35 0.4767665757941021
1 20 0.7694465615713593
16 42 0.9005721321380129
20 31 0.9270096839999611
23 34 0.687535783479481
5 33 0.48277170718089346
38 46 0.5723087961481806
34 46 0.20556877166458876
5 12 0.2881830000025135
15 49 0.3818628873984025
6 49 0.5121564531796873
22 48 0.5839200383433462
0 48 0.34211969262952274
6 13 0.5382571985334283
4 11 0.5146177023492414
7 35 0.460129740002096
0 43 0.41205880028949454
33 38 0.33338639977654144
32 45 0.3050765550424088
35 39 0.6834489367933947
27 48 0.4819280864559609
7 40 0.763550168538854
16 20 0.8773284737129313
5 14 0.1893654483314461
6 34 0.26332199823976765
18 36 0.5195961335964654
6 33 0.6406190551161093
19 39 0.16078222387388577
14 31 0.8653401901931125
16 25 0.3169320622633904
15 17 0.28917036495084636
11 46 0.7275922414788161
7 48 0.555300189288053
3 7 0.7051663068616133
14 30 0.6665084933254557
12 30 0.2961384186223174
24 30 0.6599070999252065
32 46 0.2515629684834341
12 37 0.5453851815145044
1 6 0.7212544181760835
6 36 1.0538687776687274
3 13 0.3203685577160921
12 46 0.29366953297356757
15 42 0.25282974454930357
16 45 0.857573815141408
33 45 0.6663171757373496
25 40 0.30274129650491355
23 28 0.6004120859668497
11 20 0.8565699032408168
7 31 0.9272740499644981
4 12 0.38553767963371677
23 32 0.6171502289826729
23 35 0.6046319195816214
30 37 0.4395746429689655
8 37 0.6019633239105487
4 40 0.4758968080198587
34 37 0.7387118114334975
0 30 0.5459783689730583
6 9 0.08132911392366889
23 41 0.25719316189010144
15 37 0.785021541213285
32 41 0.7239117605028008
16 47 0.8329336051636678
1 26 0.7926061932987172
2 24 0.7720726963962251
5 47 0.46370118573181174
6 10 0.20881581134385435
13 38 0.22595587747429555
6 44 1.0137995744459347
14 27 0.8380051501715209
21 24 0.3492034263040281
13 44 0.5771839134500231
6 21 0.8439043502011793
0 4 0.2200623355599253
37 49 0.40576479014532824
17 42 0.5055542729443679
31 40 0.2720208628400322
14 46 0.12267340359742947
44 47 0.7133337984403075
16 40 0.17260034542644373
25 26 0.5858695653036782
28 44 0.22213075717474967
4 21 0.2835000951240685
30 31 0.28085877474952403
24 35 0.7019342679096252
0 7 0.24316165176083837
19 37 0.3778059736644194
12 40 0.3254262595719018
15 21 0.7327190250012134
9 35 0.3912736365777109
1 32 0.789230564919082
8 28 0.8271952807242589
0 41 0.521339966218512
2 30 0.3710345577088229
3 18 0.3269912017124376
26 33 0.29845799321768157
16 46 0.7604472434476495
12 33 0.31490509492083807
5 27 0.7005936050370641
15 26 0.7618075872933119
20 29 0.2026693553754825
14 25 0.9300301423860808
5 7 0.22119986746112694
6 26 0.9324563694570668
5 16 0.7789379256578466
12 35 0.02910000011531391
21 46 0.6261096328165514
29 32 0.15260690582042247
6 24 0.8420008176787679
17 27 0.3311385872284105
18 42 0.6708621777112198
6 17 0.5702665964913091
34 45 0.1593346755447408
23 46 0.5126129267584054
11 35 0.5040332913529318
15 34 0.1765469542751585
35 41 0.694265244441805
4 27 0.6964458715981544
29 47 0.6118621110265885
10 38 0.5569192467770699
1 8 0.23387074943433817
41 48 0.4287163372230298
30 46 0.5642286062080768
19 44 0.1923286154279174
29 39 0.8824413855589178
2 34 0.17411266120358504
29 37 0.7511706565906241
4 39 0.48909219740858495
23 24 0.1521779510957488
33 40 0.33404474235166676
1 10 0.5236115030643058
37 38 0.2532159145682004
3 33 0.33227531231498547
8 34 0.6001509630667556
19 33 0.5554504468507827
19 21 0.3529221102274614
8 38 0.39608976123746575
43 48 0.4138241880840261
4 30 0.438658115078622
2 14 0.4220017726830314
2 45 0.2928790627712246
5 49 0.339540821489775
15 35 0.2115148754327607
20 48 0.5732227364056977
32 39 0.7302198142387372
19 48 0.5783694972356163
10 20 0.24620408776426067
14 34 0.3144850936672174
26 31 0.14842797631569293
0 23 0.3185758672198591
36 48 0.4319602859474971
24 45 0.9689577323864788
17 30 0.20061787729379227
6 39 1.041294771397159
7 23 0.5286435849461024
20 33 0.5966358933409815
38 49 0.4712152258124985
27 35 0.4337071528405731
10 13 0.3369361948158955
39 40 0.4336616173468134
5 20 0.1139599813695638
2 37 0.6474784635878654
4 20 0.5740639645780625
26 46 0.7157409436886238
12 23 0.5839142514784745
10 35 0.41031494124757983
32 36 0.6911334804096901
20 24 0.8439785158766113
39 42 1.0721682357257913
1 44 0.8249670044386345
24 28 0.5873762251637696
0 20 0.3848423271210442
23 26 0.5177095686102989
17 44 0.5606850853377685
8 15 0.7592611024003403
17 33 0.30879624077436635
12 34 0.2407287221893354
2 23 0.6699082688021558
32 35 0.05204202371710623
2 46 0.2993283921335301
10 49 0.3985780167105122
12 19 0.8153860130609546
1 31 0.932970563988668
8 33 0.5203429983202355
4 45 0.6809368362175534
24 41 0.13572012327231991
12 36 0.6136034633061873
24 47 0.3572298259233045
22 25 1.019333273792438
25 49 0.5721221426873055
19 45 1.1956050127170026
19 46 0.9781542892984103
16 22 0.9500883890470317
0 39 0.7016472896791598
0 3 0.47235101188467604
10 16 0.8605407728533775
17 43 0.6370970915996395
34 35 0.2157888422898745
7 43 0.6365464713754413
10 32 0.37761354393085383
30 41 0.5911194792572184
25 27 0.09294399097939907
6 31 0.9947804048164168
28 40 0.18132832545112015
10 37 0.6653820951889217
40 43 0.6445414591594548
12 15 0.23964101230905052
22 26 0.8672331265105782
20 42 0.179053809102804
44 48 0.3892606484211108
38 42 0.9132828718620171
28 38 0.5705184476350366
9 27 0.8025709851020607
13 24 0.30562640738106184
16 21 0.3823588086000595
1 34 0.8089665431356208
7 32 0.42416797996157907
5 36 0.8786905931598741
27 39 0.6475924448352672
7 15 0.5215273632535717
22 43 0.6471303674697372
31 44 0.1747243913569551
20 37 0.8155116364751028
10 40 0.7061863022989546
8 25 1.1058750126298147
13 33 0.2541523710519384
0 47 0.19307029923498423
5 43 0.6879252243858313
8 31 0.908187969952481
45 46 0.33566637225480767
29 30 0.5162752070727877
8 21 0.6572185262712528
26 39 0.11942725180197085
0 12 0.356921557651099
25 38 0.9581704037287018
27 40 0.24241857146160012
33 48 0.08223803138535098
1 43 0.36301895608547285
24 46 0.6515075131706916
6 11 0.931458216406025
25 37 0.7601686726370772
27 28 0.3998782750428471
3 25 0.9178588752977057
0 13 0.15513310219131923
25 35 0.5264237273048624
27 38 0.8912068936925938
11 14 0.8186486570188873
11 42 0.8937050179395617
22 31 0.9555096457161216
2 16 0.5668647196892656
7 42 0.42603514734690917
18 47 0.3370233583238397
21 48 0.24375685706510702
25 28 0.4346985007097105
1 24 0.36020928879116804
4 14 0.4074578453147595
22 47 0.3414442415534143
4 47 0.26107692059671744
10 18 0.42616520292096094
33 39 0.40147529617007605
11 49 0.4254734978944704
14 37 0.664318956863698
12 27 0.4268235366113896
16 35 0.5188708927433983
27 33 0.5613971725560799
42 44 1.0412425885985581
2 5 0.26165851822909003
0 14 0.18821692901980402
8 24 0.46405213304408083
12 29 0.22979600745230971
13 21 0.3923054487712174
6 32 0.40124632143557165
43 46 0.6010177344537481
35 47 0.5532321506497346
4 49 0.24598060097259414
45 49 0.49810384432865407
22 49 0.48815611890082783
1 3 0.4442783407412829
0 1 0.43485628588320513
3 11 0.5755107270561579
0 31 0.7059269172628969
30 36 0.3304925802007007
11 21 0.3118777593221363
9 38 0.7759423059923484
11 39 0.29273481117739797
4 26 0.4058323505596885
24 32 0.7229114530907589
35 40 0.3470002402444004
4 23 0.20423033239470903
3 5 0.7375563917439677
11 30 0.1884421961998548
26 41 0.3587816919956779
48 49 0.12510667746965817
37 40 0.46516737253743
35 36 0.6397116155562742
6 47 0.5172626537641859
7 17 0.5668711164761014
29 40 0.540515321257672
18 49 0.1705981029679086
11 29 0.7034279107383307
15 46 0.36916883274847495
11 12 0.4792177860753777
27 34 0.612270001475194
11 47 0.7749001056878477
6 43 0.7950914159063021
17 40 0.2260937752434513
0 27 0.7608976937881334
18 27 0.6081906367936813
17 38 0.6332036322243413
32 48 0.32147219991237014
0 15 0.5199608971498865
18 35 0.34010835272823703
23 27 0.8946952051498892
18 30 0.35171436567804437
21 26 0.13354107793979628
4 9 0.5907812002683277
15 36 0.8103931745229739
34 41 0.8365658012375996
2 36 0.6980889325779958
16 32 0.5708227337311645
19 47 0.8519941936749156
1 47 0.24180342448742634
30 35 0.31922667929770504
9 34 0.19055365158281626
26 35 0.5644396452222934
10 25 0.9336668539640236
26 34 0.7664466256017085
12 25 0.5189898091816669
6 20 0.10874018582598255
18 20 0.5560633944826113
40 48 0.2617805292844983
0 19 0.8458910575993709
31 32 0.6353727758512003
3 30 0.5893768194981087
11 13 0.6280356889580897
1 5 0.6968059656417737
3 40 0.6183424104985192
42 47 0.717011922217279
12 48 0.2521693359375672
0 16 0.7212292445466892
11 17 0.38815078367860967
2 25 0.5343839198424263
7 28 0.8267550266789434
22 30 0.7591762654204439
8 44 0.8403891215087708
0 37 0.4771275295932241
4 5 0.463112819085632
40 46 0.5991512196781541
30 49 0.2733698129933266
22 32 0.45805644827455205
2 6 0.4293343865941162
31 42 0.9775137004883445
10 26 0.7829166345639622
28 46 0.6797820066093336
19 49 0.7034474613079824
9 10 0.24426573548053976
4 36 0.5803252111846973
24 36 0.6623974772749027
16 24 0.7301969345997101
7 11 0.8805731071771191
16 30 0.20043054166456817
20 34 0.15902191517883046
3 4 0.276449990160745
5 21 0.6873693794560648
22 38 0.6097783518585626
18 37 0.2599515703627449
6 23 0.694590264405011
20 46 0.19274344556729464
26 45 0.9165202702125389
10 31 0.8678025919852274
5 35 0.27240809789181186
18 23 0.29019003179777125
14 47 0.31082275040641366
36 41 0.542894174614515
35 49 0.17108752423649518
18 40 0.38933732488936956
3 15 0.8754295160065956
19 24 0.5639109833248422
39 49 0.5437752727846464
39 44 0.03241683491832161
28 36 0.16553828996109987
10 36 0.9276341566830291
37 48 0.2959284739764218
14 15 0.4859148451469242
23 38 0.07671512335461499
13 43 0.25703546176165587
7 49 0.45710680796811715
14 22 0.09267902048406794
15 39 0.8812052500295222
10 48 0.49583363384754636
25 33 0.6335323424162471
1 29 0.8516693849410384
27 49 0.4864360847635591
3 43 0.08504337105605027
5 48 0.4613516715872969
0 38 0.3808540605787615
4 22 0.4832247191008452
17 18 0.3300417621037437
19 43 0.5616885866538679
12 43 0.623047112525744
3 19 0.47858108359571216
27 43 0.8830155082630161
23 31 0.6577065626571551
23 48 0.41306045680381126
35 42 0.3938370441713863
16 19 0.473886349887642
28 45 0.8296315236113456
9 45 0.20340026323468155
8 10 0.2965156214296274
23 39 0.5642046605075562
23 30 0.6302126933658816
18 38 0.30332521032150106
17 36 0.5275063475981105
25 36 0.4857821909751767
32 40 0.39882004800562715
9 13 0.5500158730147734
3 27 0.8601535432188907
38 40 0.6554463598489397
30 47 0.6824516610001622
15 29 0.125595215994579
37 46 0.6309513773750014
22 35 0.4939905940363893
16 37 0.48163684808850654
17 22 0.6003247970796131
22 23 0.5366818168839342
8 42 0.7200975816076367
1 17 0.8355737822582046
6 16 0.9578246216974424
5 6 0.17910368349135153
12 26 0.5357009527295287
19 38 0.601669158490621
1 11 0.9462259955344231
33 47 0.4007650088279468
19 28 0.4003798349877981
4 28 0.4446807133368943
9 11 0.8856025469389818
11 25 0.37866402791964926
13 35 0.4521459356009194
44 46 0.7963804038110459
19 30 0.5807464920805612
18 34 0.4820439386085852
36 43 0.6348944862009293
13 37 0.3504594789478657
24 38 0.0800142803126698
21 41 0.2506551198115952
9 43 0.8061768472356725
43 47 0.3240470900806905
13 41 0.37147539949572206
11 27 0.35602436403253407
4 15 0.6102801963629786
0 44 0.6785236968187669
5 26 0.7659714452916763
14 41 0.7075318501928741
2 11 0.558915426342108
25 47 1.005269492559802
7 29 0.39706623813941244
3 12 0.6406031876909668
29 42 0.1916905359184075
13 15 0.6363636733523412
10 44 0.8580908694512567
24 39 0.48782757454542447
3 45 0.95723217497629
12 16 0.49638542771881766
0 28 0.6119214426304308
13 28 0.5587901636717177
24 49 0.5344904240990193
2 7 0.46965444513008275
19 22 1.1098056989658225
33 41 0.35403437237566465
35 48 0.28100290156559643
5 8 0.48063997486540755
44 45 1.003717306657446
33 44 0.3751566317558469
22 45 0.4557379258985299
17 20 0.48247938386130124
20 39 0.9911204428633859
31 35 0.5842599968927638
11 34 0.7196962078201126
31 49 0.48279624769709234
5 39 0.8783127492776412
13 16 0.6863357007860761
9 18 0.5766303798802236
31 41 0.5067831715497961
8 39 0.8565277792132056
4 35 0.40833965059008515
20 26 0.8779386512117
1 16 1.0108403156847392
14 32 0.37378492645577016
40 47 0.7208969688353213
36 47 0.8396382318713765
4 17 0.41273378327935095
5 25 0.793517848972596
16 28 0.14283549905025417
20 23 0.7033773100066669
27 29 0.5739932622939746
30 48 0.22390827597464338
10 41 0.707777103692666
37 39 0.2584349399295731
12 49 0.14475054639988447
1 36 0.9828986597350141
4 44 0.46852434749607574
30 34 0.5348478263713251
5 19 1.03587749767358
18 43 0.3096994344316071
26 30 0.31561460588966644
24 37 0.2519418565951586
32 34 0.16378384627373127
35 38 0.6352869630083045
15 20 0.3223701074777358
3 38 0.12703265611664558
5 34 0.12568381242366722
8 23 0.3201035078026095
4 25 0.7722937591796941
7 47 0.3392907528363221
26 43 0.4438713804759699
8 45 0.7175366594151609
20 21 0.8011985193869996
0 33 0.31204224540636966
1 4 0.4470962269975813
13 17 0.48379258739191644
38 43 0.042296059379990945
30 42 0.7058624288607739
12 21 0.4950839983712493
2 35 0.07386092895666506
5 22 0.2532109050352139
10 43 0.591653454500697
6 38 0.7619901235617487
12 22 0.5003885895212933
8 47 0.12705637175911783
1 15 0.9546394369040225
17 24 0.6906580806757869
31 43 0.5902912383100931
23 49 0.4485687369476104
20 49 0.4500187251481417
13 49 0.3122251205921673
15 32 0.1830198688575345
3 23 0.2013923999115755
9 17 0.5131423921870174
4 16 0.5743207839860043
21 43 0.3152168621114882
11 44 0.26477507822347623
8 26 0.7861698807009118
9 25 0.8946455104738633
21 28 0.24010190869866235
38 41 0.18246030784775297
26 32 0.6116291316644196
13 45 0.6714484051926783
10 33 0.4844617137204349
32 49 0.20360975935816927
36 37 0.41252462063309053
17 29 0.31565733170236543
2 49 0.24432994677855668
34 43 0.759549908606087
36 40 0.3171411733707477
6 40 0.7899668206200454
12 44 0.6231328704501166
2 12 0.10232693596597746
5 31 0.8200398796035863
32 33 0.37665140022085686
29 43 0.7857429597199954
13 32 0.4585954943611965
25 32 0.5679038239328004
20 43 0.7937109950374441
1 21 0.6593293716829265
24 31 0.6208776970828777
14 44 0.8562823674401107
16 29 0.713082545892705
13 39 0.5958195470588677
26 37 0.22176298957583743
22 44 0.9406589279624942
16 38 0.7125432009427827
9 15 0.3520310670832706
36 39 0.20860956337593153
18 33 0.06592284777632285
3 32 0.6932170188444162
0 10 0.18897419274029592
5 29 0.17626843241166323
2 40 0.39436437446607536
8 9 0.5379900024555098
10 19 1.0306987802667458
12 39 0.6546360336104918
14 17 0.5097473480484125
18 39 0.45667079386267145
16 17 0.39853322114157325
20 30 0.6769148802883441
22 39 0.9645293186468628
3 10 23 19
4 13 22 46 18
2 0 20
2 12 37
2 35 43
2 44 45
4 6 8 38 31
1 27
2 17 7
3 14 29 21
