50 358 10
0.29933226360028153 0.35856885429164764
0.7692571858130148 0.9550929332580532
0.6708205029917779 0.4667283053393806
0.6803066015577125 0.22385778261862055
0.633998766110024 0.2602493924379289
0.8506158706143683 0.002928770478687337
0.18166903976309134 0.582269557913569
0.75488946700075 0.021546380067507864
0.14412696036033257 0.419287031777292
0.3010523645963187 0.6406099760121752
0.6643977779993255 0.05943543700142717
0.771746246764839 0.8730160179838096
0.4640295285968785 0.7065078817423892
0.6818561369273264 0.15102128871992848
0.3828446596314825 0.15946103435919168
0.1919104123823253 0.1696991259816636
0.543015441364916 0.5742128408988176
0.7444419836345807 0.5409208029208278
0.5717976209038091 0.7535094875678826
0.07231940435075757 0.4374426009644432
0.6677072788990639 0.7890506707178199
0.3690278345355502 0.7477281882536705
0.27388644038913856 0.18408427847936693
0.9029174126642706 0.11801355920023004
0.38795771389644806 0.3473181169098004
0.3423914219117772 0.3561613278898582
0.7686993423615649 0.2921872860509548
0.43336879386113203 0.7808610611295875
0.8149227494563813 0.6998602584296891
0.9228300349128284 0.5085135639166325
0.9652221204405468 0.7297777345880679
0.48583889641906597 0.23391356011234699
0.07353122065712947 0.10318944174944367
0.33273787696734347 0.05041671032406159
0.31489294993619743 0.41342306036987964
0.3343973446562486 0.17490904549864617
0.026742421084304246 0.11667141713604656
0.6184150273901583 0.7359768102680507
0.12132188897277185 0.6476505510532056
0.22066441901763856 0.7891451591888046
0.663040676419309 0.7077607877698658
0.5311484351443452 0.9623491424601169
0.8985520697453456 0.29388236517343325
0.34002537568388724 0.31027913620918
0.26696673365302426 0.8658522443105912
0.5184995666989034 0.3391793705867836
0.5306838106090844 0.5268709563787306
0.8879481582044855 0.02212732562540387
0.36778961654476916 0.3937656561420738
0.22352816833094546 0.7085087931521153
17 30 0.29053538415626023
7 32 0.6862322124334111
20 27 0.2344815457026004
13 26 0.16573949780470762
2 23 0.41889252757051354
0 37 0.4942171338410607
2 39 0.5537085222254513
28 48 0.5418689362723857
23 30 0.6149286811485121
3 49 0.66598283692017
10 29 0.5181297091337999
7 11 0.8516364807341997
13 24 0.3534242886636984
19 29 0.8534749055912791
22 24 0.19914201326769868
0 41 0.6467529464719481
28 36 0.9804781765251773
6 23 0.8577487089782871
16 38 0.42804035954781866
14 42 0.5329382957005623
0 24 0.08933671995228826
3 24 0.3173489030390187
16 42 0.4527598367131785
29 38 0.8134951808079197
17 35 0.5496373463713548
8 30 0.877839244075521
6 21 0.24995974942500382
13 36 0.6560136388547734
3 44 0.7635487772517406
1 28 0.25928567643220823
25 41 0.6348959572858739
20 31 0.5841689140285401
0 12 0.3849503291604349
19 34 0.24375984769495027
22 35 0.061202568863356226
20 23 0.7110658282182577
15 49 0.53973654677774
27 45 0.4498110317063216
33 43 0.2599645899434042
0 29 0.6412744239217981
19 35 0.3709564860469234
12 16 0.154080343482231
25 36 0.39621926893609133
6 9 0.132875816581333
4 42 0.26668263407914256
20 46 0.2958270330330571
1 4 0.7078858568441654
7 16 0.591887505922316
15 35 0.14258214870805896
2 3 0.24305570734434082
26 42 0.1298637905739623
35 39 0.6246768618537962
5 11 0.8736545288826735
9 47 0.8526238686457265
21 42 0.6974037186607889
3 18 0.5406525015554902
2 16 0.166994189006306
10 47 0.22664215773839896
0 34 0.057018583669869456
19 37 0.6223689449412795
8 37 0.5702995584141849
10 12 0.6773848124306054
12 43 0.41517977880249557
8 31 0.3887548986728297
38 42 0.8539547313789139
20 32 0.9074419064545862
26 31 0.28880072543807317
3 21 0.6093723596447983
14 30 0.8151224726495812
18 44 0.3248734596956977
23 27 0.8123070332293847
7 14 0.39678431239003137
21 48 0.3539646978480281
21 26 0.6060155342460987
12 13 0.5966689084613404
2 6 0.502612111896617
20 41 0.2206369826566739
20 33 0.811039226965911
11 23 0.766312330275761
30 32 1.0898282201700331
9 31 0.44670799975917735
9 44 0.22780673753209776
16 34 0.2790935768128493
33 38 0.6335495091086453
6 8 0.16725044559475852
15 40 0.7151741589136451
10 20 0.7296227395491671
30 46 0.47957763016479116
1 15 0.9747680387143038
1 9 0.5640170963797739
20 39 0.44704286986712455
30 37 0.34686249196093105
27 44 0.1868506003736933
7 45 0.39594305352024456
18 35 0.6254097558602151
18 33 0.7426230635951175
17 42 0.2911664616087174
5 26 0.3006340074443742
3 25 0.36289240378724263
5 47 0.04197956903581473
14 47 0.5234406287491109
12 34 0.3288471249890583
19 27 0.498289976266845
14 35 0.05085059858521072
44 46 0.4294822583602162
11 15 0.9115175507962664
13 29 0.43112544153139826
12 48 0.32721525078338926
13 47 0.24307935937943737
1 46 0.49019518239027043
32 48 0.41354871529375914
0 2 0.38691339968672656
33 46 0.5159372454367136
7 37 0.7273486868507826
31 42 0.41704726472847453
6 26 0.6547917994430222
0 9 0.28204636691297763
17 21 0.42860830366659486
18 36 0.8382409550968174
7 15 0.5821465898388134
13 18 0.6124580856681955
27 37 0.19041193376120177
14 34 0.26289569320543393
24 42 0.5133828744595804
16 19 0.49016411312186076
5 27 0.8827648451861219
5 32 0.7835258485862652
20 42 0.5463341178038972
23 28 0.5884629488398454
24 40 0.4534198443463753
5 41 1.0112106073903586
17 44 0.5775491805453273
22 44 0.6818030812301739
24 37 0.4518474889447552
34 39 0.38735785984018417
30 49 0.7419988453264369
10 26 0.25505340531814985
12 26 0.5142812960175722
8 24 0.25423013408562356
7 31 0.3427652676257133
27 39 0.21286563216784457
1 22 0.91643140559752
13 34 0.45112821943624787
2 25 0.34654107664370304
39 49 0.08068720213102194
9 10 0.6854077138720847
4 16 0.32688073107958954
45 48 0.16029083456699983
35 36 0.31311846536951343
32 42 0.8467722199471525
18 24 0.44585708585326606
11 28 0.17845763489253444
36 38 0.5393367374854804
8 15 0.2541208000274388
15 38 0.48313590672300366
24 48 0.050637200273320554
2 29 0.2554502143538635
23 43 0.5948222401680268
11 17 0.33321577791697454
15 33 0.1845553290115392
29 33 0.7470351277819355
18 37 0.04980539489667308
24 25 0.04641647709240865
19 36 0.32399292242013805
22 41 0.819682824299987
26 35 0.4498582120156014
2 41 0.5149255293001478
23 41 0.9225588056080892
35 38 0.5185418795899833
24 28 0.5537012760849701
0 5 0.6560438130010461
17 31 0.4014087740125527
7 33 0.42313763828907475
29 36 0.9780149690319246
7 24 0.4906792597628723
2 35 0.44535269380396325
0 36 0.3644442239154481
3 26 0.11172375605092415
44 45 0.5836549340291572
6 40 0.4974602510230657
14 31 0.12708655083241918
22 26 0.5064840256162052
9 32 0.5835980650984349
21 46 0.2736979566451822
15 31 0.3008611760910011
19 39 0.3817079156083581
5 40 0.7293645357954185
11 19 0.8239672988069727
12 24 0.36715692578556525
4 34 0.35396425591250247
3 33 0.38844024491813695
4 33 0.36713468619859085
11 33 0.9324151273518417
3 11 0.6555666428808373
31 41 0.7298433749304246
8 27 0.4630298229584774
21 22 0.5716173037144573
6 29 0.7448218359996065
40 47 0.7215792539805665
14 15 0.191208538754608
25 33 0.30589697955430917
31 44 0.668768662707885
23 25 0.6090186746241144
2 44 0.5678008327477284
32 46 0.6232932827636978
4 21 0.5548379681937872
42 48 0.5400791178542458
30 40 0.30298245998399975
22 49 0.5268368126416706
26 45 0.25457451512409607
7 13 0.1486526800033094
4 22 0.3680788118330446
2 12 0.31663346688434274
13 48 0.3969415664054153
15 23 0.7128831266508193
12 28 0.3509561843604745
8 19 0.07406719781777683
35 42 0.5765632702789814
23 32 0.8295186616046085
26 38 0.7385470194389924
35 44 0.6942257495114619
13 39 0.7873372052244629
13 32 0.6102024986344696
2 46 0.152497314815713
19 46 0.46700680902600616
10 38 0.8005800657279247
20 35 0.6987599359521107
10 40 0.648326771137609
30 45 0.5934038439224466
0 48 0.07697547682648229
0 25 0.04312641067686665
18 40 0.10206977374822401
13 22 0.40930726182819405
1 24 0.7174813688668196
4 7 0.2675699715524228
14 40 0.6157454241924742
7 42 0.30790555729146285
9 29 0.6356547281289913
15 24 0.264543097376021
2 31 0.2973565206370127
20 24 0.5228646748566091
7 35 0.447586563808529
32 44 0.7868111896118463
24 27 0.43591472866412806
15 26 0.589651438651477
14 21 0.5884293916918512
6 46 0.353384090361602
5 37 0.7689451607449405
20 43 0.5801703301190764
14 29 0.6429789062700145
5 34 0.6749108161625682
15 27 0.6571309313676538
10 34 0.4974543821673321
25 45 0.17692502800397364
8 40 0.5937074638326514
27 48 0.3926111066436331
9 17 0.45445823295714616
6 22 0.40872431507841384
1 14 0.8845025488574929
8 32 0.3238849253757515
17 45 0.30290193345524746
10 13 0.09323498555511346
3 40 0.4842109360240546
18 32 0.819259157781029
28 38 0.6955630864328135
8 41 0.6668598638419296
35 40 0.6260490545906121
16 36 0.6898420006990938
0 13 0.43520168386608077
4 20 0.5298745660483202
37 40 0.052797655979134266
25 34 0.06352221633102301
12 41 0.2644989570901252
6 43 0.31473086697238856
31 46 0.2963698742380693
6 24 0.3126614730110597
4 19 0.5889661608057103
16 33 0.5644280649419039
40 41 0.2867242467117533
27 29 0.5601298650581198
3 9 0.5634857291462738
5 44 1.0417692819265896
8 34 0.1708666420238056
34 40 0.4558964106311301
16 37 0.17847318946796492
15 30 0.9548293280154364
10 49 0.7846414686937391
27 30 0.5343009145080487
28 33 0.808875252083593
12 31 0.4730972853037346
8 35 0.30971506149640443
12 38 0.3477250517759434
10 31 0.24965153641726792
5 18 0.8006940921711552
8 44 0.4631523496081074
22 29 0.725521984589483
21 41 0.2689707105360024
24 26 0.38471235508813034
19 47 0.915279761626426
15 42 0.7174704933423509
9 14 0.4880515173431032
18 41 0.2127589193392722
5 16 0.6488324230417587
23 38 0.9441434773346989
14 32 0.31439035555337613
8 26 0.6373735213533684
34 41 0.589988371479938
33 36 0.31308609869461
27 47 0.8844881456972388
6 44 0.2961331400014063
16 48 0.25152589562614663
5 24 0.5767638961593148
21 47 0.8920621694498413
14 18 0.6233753173917136
12 14 0.553038186910112
20 26 0.5070232932568551
19 20 0.691458571336595
37 48 0.42417162867128827
12 23 0.7341308755566051
29 32 0.9410611669316392
31 38 0.5514081486434507
16 29 0.38545495257934853
30 39 0.7469207868655743
28 34 0.5762604175549019
39 42 0.8395337409211389
28 32 0.9516708792713807
28 40 0.15208741721093685
30 34 0.7231931345834052
19 32 0.33425535589421485
12 20 0.21976791845035493
12 30 0.5017324986189686
30 43 0.752894443927019
28 41 0.386559537073923
14 45 0.22516867941142343
6 7 0.8018679070621978
7 44 0.9751517759368413
15 44 0.7001875573885759
4 29 0.38086559398066533
38 43 0.4020580637836513
30 36 1.121001116236448
8 23 0.8164120624943366
44 47 1.0476114108047354
13 15 0.4903016159515507
14 37 0.6227871530769975
18 23 0.7165859274834777
18 29 0.4280733094818324
22 38 0.4880262609910246
40 44 0.4264592322480523
43 49 0.41491982236321545
9 16 0.2509077720410182
11 25 0.6719258413669755
14 17 0.5256083901131131
2 40 0.24115800481862482
4 5 0.336358250157978
6 11 0.657818070796447
19 31 0.46089309041317383
8 33 0.41429384730206453
4 37 0.475982593156309
3 6 44 4
2 16 25
4 11 17 43 14
2 46 39
1 35
1 31
1 26
5 3 22 9 32 40
4 21 42 19 12
2 27 41
