50 245 10
0.0502355198145793 0.09751514783592186
0.4011911565019739 0.5464903277724615
0.685114184142294 0.603459863482415
0.25336291317911575 0.47487214198980165
0.4765552277199816 0.15226108009782158
0.890846436597425 0.5498605555523193
0.2570542526185181 0.5234560863001023
0.5072647976369359 0.7757023344765713
0.13871866936933053 0.38544641474583696
0.5644371626412712 0.7673122577749389
0.2944506441224385 0.9569183760006905
0.6343068626785594 0.7940862850442
0.46517063846550877 0.2134127931176728
0.15326689797896365 0.924312579760774
0.0955979652585568 0.5743388481656696
0.8864694383605275 0.44549437028302263
0.748605069992236 0.3227731654805369
0.30460856136786274 0.38539882992484786
0.18784459712699808 0.5816704057583356
0.3442070368456174 0.8416472227192447
0.09329637419155579 0.25106614575928987
0.5934695357212226 0.36963703085102284
0.7384534486850199 0.324828932947142
0.6630240980230631 0.7432896698168145
0.9113982678225611 0.34829469129686585
0.6932714333966671 0.004867040288048963
0.6080902550504697 0.5969746883639779
0.6615759767716468 0.04826494554462735
0.28768451438364784 0.09297453647960818
0.11316949919964425 0.8231464320089091
0.8089473300652215 0.5972126841742063
0.29435563900739414 0.7127007941977281
0.18877937529188782 0.9012144414596136
0.7189239948472639 0.28642986946968574
0.15644713247597564 0.9799654535535816
0.9376575844800554 0.06908476787338114
0.9964266620692847 0.16877058144120305
0.30933632643805753 0.4196996376863874
0.07010131547783316 0.4860048944049776
0.043457228197282705 0.5439177462188983
0.5166831131070545 0.4672552137372561
0.7565571621728632 0.6715068731523466
0.9520485268632612 0.12561575549431092
0.726239192678795 0.8429183907566443
0.6707131320891241 0.7362681805308205
0.2972408273066196 0.7656919432105387
0.9505676612054802 0.2838938733024887
0.21301673780803276 0.9305233228593068
0.4863676401069703 0.340258861411025
0.8130835463947896 0.012030905048534768
40 49 0.5432148636352667
6 15 0.6342251218668147
0 40 0.5952151490184582
31 33 0.6016354295161404
1 42 0.693238233273143
8 45 0.41196594091562366
1 35 0.7181311140523828
11 37 0.49575317562700744
36 40 0.5650194231066625
16 21 0.1620594208030369
26 45 0.35368471667805834
4 16 0.32106928838168386
1 40 0.14005925651895285
1 27 0.5621643764264518
2 30 0.12399062576855543
42 48 0.5127673460817286
12 18 0.4610026057109545
6 12 0.37341568486797583
4 20 0.39579008300902435
32 49 1.0864635564440224
5 22 0.27177721379319014
12 23 0.565610728256926
24 48 0.42510658552681024
6 9 0.39236473559740415
38 46 0.9033658454967661
22 34 0.8763191272245139
6 33 0.5191387928592774
11 24 0.5248902664943078
0 13 0.833192329731847
33 42 0.28321056950855955
2 32 0.5787970552645797
33 44 0.452414404485775
10 11 0.3768508181449639
0 34 0.8888191316152716
38 47 0.4669276723169509
1 49 0.6747608579267238
6 20 0.31782530178500124
1 12 0.33916665255303957
27 44 0.6880639061589866
11 18 0.494417900499385
14 23 0.5920445897740136
21 24 0.31864427525566746
38 40 0.4469752258222913
42 43 0.752005934789826
20 26 0.6202140433887973
21 29 0.6605746755827188
24 42 0.22635890088581542
12 27 0.25661034365971763
23 38 0.6463380552929692
6 19 0.32991090781336807
6 21 0.3699128877510485
15 19 0.671554610281303
3 21 0.35601536949040596
3 16 0.5180722850530387
14 25 0.8255372277999596
17 41 0.5348975137061921
23 41 0.11790336715388147
14 41 0.6680633840178762
24 45 0.7425697459809268
12 31 0.5276990354950377
6 35 0.8183362330667405
5 20 0.8516831578510701
11 19 0.29397270577526885
19 48 0.5211524978113159
9 46 0.6187003284041461
3 43 0.5992245129705589
0 46 0.9194210102711744
0 5 0.9545905306971205
11 33 0.5146601746108007
8 20 0.1418493623253684
24 46 0.07537709689508319
28 35 0.6504119562973982
23 34 0.5591383090348111
21 49 0.419657544785739
21 22 0.1517501257200722
4 47 0.8216718652681296
0 48 0.4991349885862224
2 24 0.341048019527308
25 41 0.6696370287163583
19 29 0.23177709778669264
21 28 0.4123670877582668
2 45 0.4204342857521097
22 38 0.6875116468209501
16 33 0.046923356515639746
24 26 0.3922212278205427
1 28 0.4675043644255748
33 34 0.892956789040567
11 28 0.782115551765069
0 10 0.8934287523472303
34 48 0.719772231602565
6 44 0.46519098875165393
15 24 0.10034552373354319
24 49 0.35034143116606065
20 23 0.752910138687107
40 46 0.4710384084600849
17 21 0.2892906787548055
15 42 0.3265316907254094
11 30 0.2631701114650928
4 37 0.3154132892428385
10 48 0.6458336397879013
32 38 0.43183729557154316
4 45 0.6391017743793367
25 49 0.12002609457689364
17 32 0.5286607091982599
2 14 0.5902350428939783
43 45 0.43589393399379844
4 40 0.31753984224486853
16 26 0.3081085658817636
18 41 0.5757643376546367
3 35 0.7955643218264384
27 47 0.9897399836328469
16 48 0.262819746584999
11 27 0.7463196868878367
16 27 0.2879736548352639
6 8 0.18179653381030564
16 29 0.8087964950992186
7 8 0.5367736315672778
0 31 0.6618519563197706
9 28 0.7289193307077175
1 31 0.1975847842007054
0 8 0.3012203217239455
21 44 0.3746798274465514
31 40 0.33116919951455814
18 29 0.25275886038718315
14 39 0.0603663805851301
3 49 0.72629828435752
5 17 0.6088698592885327
5 45 0.6316255277298258
32 33 0.8117963954098054
4 35 0.4685442159764135
3 40 0.26343034237933577
7 21 0.41511478855455075
22 41 0.34715031134506175
30 45 0.5387288795775391
20 47 0.6899239240504602
24 31 0.7166124570550848
28 38 0.44923858994640176
12 21 0.20215493932228934
31 32 0.21606420958618924
33 40 0.27129168689169725
4 43 0.7344042504806406
28 43 0.8687611814661476
17 20 0.2503959074832457
4 7 0.6241971446152516
9 29 0.4547086529641313
10 47 0.08560478916485852
28 49 0.5315976056261863
32 41 0.6124844342618806
7 34 0.40595129757651527
33 46 0.23165754777351133
2 31 0.40574107696841766
1 16 0.4132139832950606
15 43 0.42850855730153864
1 29 0.3993683451232318
2 22 0.283690452065118
18 40 0.3481746770763008
10 34 0.13991474908130444
17 43 0.6221708268662033
8 26 0.5148338527959267
6 42 0.8008083229141907
2 42 0.5473471794600039
8 9 0.5718896375928297
7 47 0.3324927956465837
9 31 0.2755475301330816
32 40 0.5439131112581701
23 31 0.36993528080547805
0 18 0.503331473218886
13 15 0.875701343466743
2 36 0.5346683372283675
23 24 0.4665948577508807
21 30 0.31340286827154024
7 38 0.5244392404440258
4 5 0.5742147234570228
18 34 0.39953065700235
7 41 0.2701913713953162
5 39 0.8474100468461494
9 12 0.5627241418044397
5 6 0.6343419649284161
30 37 0.5302094271311371
5 35 0.483049315892687
18 47 0.34975990970424686
33 41 0.3869115584318625
8 25 0.6725841422105044
6 11 0.4642846500471272
37 41 0.5132381121354366
14 28 0.5182748719741116
2 44 0.13358682336768068
1 15 0.49567650163468346
0 25 0.6496759638377831
2 7 0.24758407278034875
25 48 0.39407721750166164
17 49 0.6308331140044708
10 45 0.19124678747588872
9 23 0.10147151600414488
9 24 0.5440199716240466
19 23 0.3336443116715426
7 12 0.5638629678902046
29 49 1.0713487161224837
18 49 0.845820846545179
44 47 0.4972132838721957
11 47 0.4428322872162607
13 34 0.05574366558501651
3 26 0.3751539935842004
19 41 0.4460721515720765
29 31 0.21219485424946588
41 45 0.46887346149769
16 41 0.3488243607269658
8 48 0.3505734186034743
13 40 0.5839287467271865
9 10 0.3299139285488833
2 9 0.20349582461011592
18 35 0.90827504213715
9 44 0.11071728146057304
19 47 0.1584608965570914
11 42 0.7401436441904861
4 29 0.7629785993729576
19 38 0.4490160489062126
12 46 0.49048736206842963
8 41 0.6808487269970351
19 37 0.4233860306616035
15 29 0.860589260699922
8 10 0.5923112783503042
13 29 0.10882274964280177
19 43 0.3820342706600085
35 49 0.1370176420323516
0 45 0.7123705860058582
4 15 0.5039994271404484
27 49 0.15578013141535074
2 12 0.4477855294501981
28 46 0.6898291524089885
6 39 0.21457485493001807
26 32 0.5180573725444019
12 45 0.5772457718365362
29 37 0.44860978584723793
13 43 0.5787246879970046
14 33 0.6866053591231183
7 15 0.5028254758493808
9 49 0.7951571831593606
10 42 1.05995236791376
18 30 0.6212971650359322
15 30 0.17037641868677977
4 30 0.5553975510133585
27 30 0.5683853758833948
12 44 0.5618055471708754
4 25 0.26208952053514895
5 16 21 22 33 46
2 24 30
0
0
0
2 25 49
3 23 40 44
6 3 8 12 20 37 38
9 1 10 14 18 29 32 39 45 47
1 11
