50 328 10
0.9392928876468841 0.6804008281423486
0.6550225205749453 0.37430026439914676
0.5955990501777789 0.4916643526166331
0.15223501874955048 0.32051449308721114
0.7850274026968754 0.08845410685161148
0.25213789945090326 0.37233344442467753
0.37906994743521294 0.3687310879945851
0.09961621099220508 0.5448531348955471
0.10915544646399866 0.5909912812966647
0.2742914070495258 0.11731456370088023
0.09456341442195182 0.9020232229688465
0.1254846868263101 0.4679343597446308
0.6770614477978196 0.9834147642021965
0.7477304411572766 0.5919755835994647
0.24916922362807437 0.7924045835852513
0.2996440848738624 0.6224981587079513
0.6909874881105601 0.6140374575882128
0.7937959322741829 0.008419214707298672
0.16599750495915444 0.5531754502896976
0.49102034710159537 0.14330556249635062
0.7150163332669922 0.8496553806776046
0.7142572480965501 0.5012629170650865
0.3364043195896155 0.7678285367021274
0.9866510043437535 0.15333563272972428
0.43801877822058366 0.2698032235868576
0.741820498571785 0.3553326245460472
0.2654268028112944 0.5330611508358455
0.21503616431951444 0.9549274891385973
0.2711606161739364 0.7436745013050472
0.1570237134682646 0.007385140065325202
0.6463995776927581 0.14383993550798813
0.42042246380916726 0.4347141071431546
0.5046258759237459 0.19246880849004078
0.7592724135226621 0.13307542856216514
0.7855051399653206 0.10640812355440443
0.3404099772877749 0.9722140506584227
0.2623060849674711 0.027703988227436804
0.525266388474332 0.942277772032272
0.28121248551187783 0.9638739816406316
0.1449027174257138 0.6614967085899631
0.07108880308376442 0.5525210817010137
0.5302041734218884 0.15579157996022552
0.25915097151981803 0.9390956954354255
0.30874630035417305 0.5629908963563797
0.6989784708630776 0.6857938062169466
0.85461381570365 0.593471177355387
0.9119787279603172 0.003734657923790796
0.08542881983566819 0.6963016998034618
0.9356371422658075 0.2903333793922682
0.2185133260048867 0.6669638819160236
2 10 0.6476350135485192
4 27 1.0371432562760106
39 43 0.1911756122276921
14 49 0.12913231080698412
21 26 0.44995543811126537
4 10 1.0670685197325862
10 41 0.8640859540169524
1 24 0.24085318294414002
24 49 0.4537832434950349
28 36 0.716025263743887
8 33 0.7951974591528315
2 3 0.475251447952799
18 24 0.3928045213249141
5 9 0.2559793105400133
26 28 0.2106913857079601
25 48 0.20442552003939413
0 48 0.39008457935259094
1 6 0.27600876498449184
29 37 1.00480192127688
15 35 0.35208388640637395
0 37 0.48989537225636803
44 48 0.4608647045874332
11 31 0.2968027585358591
31 48 0.5350625752592446
15 36 0.5959649582606457
24 27 0.7204974013485156
27 32 0.8156012756018467
12 39 0.6219518862745033
4 35 0.989300911378755
31 47 0.425028011002167
13 26 0.4858885777106013
41 48 0.42717372112526575
6 29 0.424117229199428
11 45 0.7398572694467933
35 41 0.8381929894404647
24 29 0.3844755869678515
8 46 0.9946836497137301
19 31 0.29983829144813984
39 48 0.8735119618919424
4 39 0.8591492513530828
26 48 0.7128104026609735
27 47 0.2892842246880674
11 48 0.8293908061202313
16 46 0.6490813780787156
12 45 0.4284633523090658
5 18 0.2003097567480877
34 38 0.9947656905619782
38 45 0.6826326412412953
31 34 0.49098898082290543
23 42 1.0708291992199759
38 43 0.40182752397862276
15 45 0.555728321919739
16 22 0.386498278668062
7 33 0.7776292078941507
18 42 0.3970037832887835
8 44 0.5973932698336475
20 27 0.5109426446878078
14 35 0.20163412304847622
9 15 0.5058193580094904
13 44 0.10572896245906258
34 40 0.8422633043351583
39 40 0.1316213554341398
16 41 0.4856341819161011
12 14 0.46859006029177525
21 27 0.674561512719307
1 9 0.4593450023345033
17 30 0.20016107755023546
3 45 0.7535524705668245
21 28 0.5050722734370714
27 42 0.04686962669127787
7 22 0.3252485790652204
30 43 0.5382353236992322
15 16 0.39143485118256666
15 31 0.22327173318700763
9 43 0.4470061891762686
26 44 0.45966761131305073
7 30 0.6780734740302393
1 26 0.4207016072728278
10 27 0.13157714408984758
24 38 0.7115633707677685
7 25 0.6695852229766803
10 43 0.4010202327994403
18 48 0.8132841603936264
4 47 0.9267776828337893
13 28 0.500131342466853
31 32 0.25646247158458463
2 5 0.363600643162999
12 24 0.7525841008007073
17 21 0.49922070994144563
11 44 0.6134801209053431
33 49 0.7599060937758245
12 42 0.4202539066317646
27 46 1.1791932577693334
5 6 0.12698315548662556
4 36 0.5262396345027769
9 28 0.6263677620112665
8 14 0.2452981372423057
1 23 0.3985007147993618
22 29 0.7813139966370627
22 37 0.2571019579285378
33 40 0.8059350703461114
13 21 0.09669148113178305
9 38 0.8465877092360677
14 32 0.6520590735824497
5 23 0.7664656174849029
4 30 0.14928249690210063
6 32 0.21640860046392726
24 32 0.10206427985737893
1 22 0.5063418401642282
3 46 0.8231403086057065
5 24 0.21228317709427835
40 44 0.641877756277561
24 39 0.4892247042921891
3 16 0.6135225781762574
1 32 0.23596997495521396
9 40 0.48030824640876874
11 25 0.626537296263906
9 37 0.8622950402278824
12 37 0.15727044274055296
19 44 0.580981992675722
19 22 0.6433778526452513
10 40 0.3502896003712916
18 32 0.49475090203103106
19 24 0.13715255945558358
12 21 0.48358446134836686
10 16 0.6623122199817725
4 37 0.8924632405496941
35 39 0.3671080975964159
31 46 0.6537360679017651
14 43 0.23702334897468225
8 15 0.19307668084844856
15 21 0.4319746045009208
30 38 0.897673353237246
26 39 0.17612991697506136
18 39 0.1103561736416855
5 17 0.6525542054977336
10 37 0.432580027946119
20 24 0.6426166583465452
27 30 0.9186606631675823
2 19 0.3637176814387274
0 16 0.2570207547848987
28 35 0.238800752999899
5 35 0.6063404171428822
5 11 0.15868387214251892
1 16 0.24241988509198129
43 49 0.1376676119721153
21 42 0.6315213890241781
11 21 0.5897151190513784
1 49 0.5255399794138083
26 34 0.6726918183427795
9 33 0.4852370364068183
6 41 0.26112217130398285
1 36 0.5237892490805206
17 26 0.7445959294235236
14 19 0.692691493454318
19 49 0.5903203469680156
37 39 0.47277323088493006
8 42 0.37904530161929306
4 44 0.6035057042875457
12 22 0.40314352343399046
24 36 0.29914376198055453
19 34 0.2967873215426592
32 48 0.44198211044301866
4 16 0.5339301116315831
8 38 0.41066425812545715
17 19 0.3314624892751394
35 49 0.3286890005936389
14 37 0.31415221955513506
17 44 0.6839785729182668
22 43 0.2066964560180991
36 46 0.650114660539597
30 33 0.11338497112964802
36 44 0.7897879342869374
0 45 0.12135612638474626
26 30 0.5446406243222927
13 23 0.4994877796426571
17 33 0.12934854077111504
14 41 0.6958855936072313
6 49 0.33870522295250827
5 21 0.4797677576786615
30 39 0.7207410322545448
27 34 1.0224578064378873
36 37 0.9516266743022255
12 44 0.29842685960231685
0 7 0.8505469407753904
12 46 1.0074518545104842
41 47 0.6999830746601641
21 49 0.5227034015991829
4 6 0.4933119111081178
0 33 0.5761705165396067
9 35 0.8574525048832848
25 38 0.7632052967514796
20 49 0.5290476537515946
33 48 0.23629342065306513
2 17 0.5223101256779802
23 26 0.8150802524764634
1 2 0.13155028710407599
9 39 0.5593528759366935
23 45 0.4595140006864981
19 29 0.3605941104791172
23 34 0.2065474518698952
6 45 0.5259753591315945
26 37 0.4847420482493331
20 32 0.6900422705927083
16 44 0.07219992641186984
9 22 0.6534726030784153
0 49 0.7209047981562607
4 24 0.39153861572210474
18 40 0.0949109576915201
4 41 0.2635701300655784
15 20 0.4734284615737992
22 30 0.6967487599319087
3 15 0.3360410199326576
13 27 0.6445907836063077
16 27 0.5854363127009384
5 26 0.16127613140423605
42 48 0.9372972217649285
20 44 0.16464455233991998
33 45 0.4701640442193643
2 34 0.4295191322509886
12 17 0.9819588898731048
23 44 0.6052001264313646
2 43 0.29558750975510145
1 48 0.29290784162337496
16 20 0.23684001157006881
9 19 0.21828184870593273
16 47 0.611120860607875
43 46 0.822591576629235
10 45 0.8202932264384004
26 35 0.4455084128017661
1 4 0.314021169923665
2 7 0.4988266465686216
15 23 0.831920659186788
3 47 0.38167930641432907
15 47 0.22657259863809767
39 41 0.6357632335352458
10 38 0.1966300894751555
29 49 0.6624387436972978
39 46 1.0104734144123988
17 22 0.8865154289051234
7 31 0.33918616905867927
2 18 0.43398283697765644
12 26 0.6101323282906025
3 33 0.6353170874161586
3 18 0.23306764475801178
14 39 0.16735703167608135
2 45 0.278304290882856
28 43 0.18455147995218746
13 17 0.5853717324456755
28 37 0.32251046907027975
10 31 0.5697033700105079
20 46 0.868548245123818
7 38 0.4566789648389687
14 28 0.05346253141352046
29 36 0.107225152548886
11 34 0.7525478177602378
3 7 0.23042691930027043
23 31 0.632288388300115
5 47 0.36434509427098366
30 48 0.3242201379637385
1 38 0.6980910473396675
13 30 0.45944912991628634
18 41 0.5390365829428968
3 24 0.2902481525035686
1 28 0.5327168934248149
4 48 0.2518700743132584
16 40 0.6229435321120572
2 27 0.5995338553851137
9 31 0.3494234621874349
13 19 0.5169186205068894
14 15 0.17724532386601105
33 43 0.6227367727181562
25 32 0.2877254100587405
4 8 0.8422271148100573
28 33 0.7817188460984363
33 44 0.5559972702439921
14 47 0.1898596431716766
5 22 0.4043725974624672
7 45 0.7565613637852822
16 31 0.3245955889873651
17 46 0.11827560301452063
27 38 0.06677832892970444
18 21 0.550711954701257
12 29 1.1059263412720484
30 31 0.36833875674927513
29 47 0.6926267790633657
24 44 0.4910683516792605
13 25 0.23671674526936456
17 28 0.902079824685788
40 47 0.14449395219996897
27 39 0.30169574631835006
11 16 0.5840715139944982
8 12 0.6902995120139359
6 35 0.6047200009238355
13 45 0.10689383777890614
38 42 0.033176405273762866
7 48 0.873905774937453
6 44 0.45041117953304544
10 39 0.24573776581176887
11 42 0.48975471402907356
21 22 0.4624176306692319
3 49 0.3527321831538631
40 49 0.18663103836064673
0 19 0.699585302151405
16 25 0.26365163680873627
14 34 0.8707739995705929
18 47 0.16424504961308198
43 45 0.5467178356735675
22 45 0.5467554943675736
16 29 0.8081734634261005
14 40 0.2987586495107436
32 41 0.04471541563635275
29 41 0.40160693108246637
34 48 0.23741970821685604
16 32 0.4609238292812884
2 28 0.41081554559293676
2 8 0.4964808338244865
9 27 0.83970625617017
9 11 0.38089064226015273
1 35 0.6756344782443572
26 33 0.6355092959522162
12 23 0.8859328744483985
23 46 0.16720167619724943
23 33 0.22827943279388208
16 38 0.5387960154973575
6 13 0.43098568937874593
8 9 0.5016368390288151
8 17 0.8989565103944738
4 16 20 35 37
8 4 23 25 30 33 34 46 48
1 5
1 19
2 9 29
5 14 39 40 47 49
1 45
1 21
1 6
2 7 18
