50 1000 10
0.8729192855950686 0.623545194402609
0.46144728444173655 0.32781513516609995
0.3440937255522395 0.7854848751942907
0.32143471130145185 0.14441979027383067
0.3434812253448526 0.05873877792919324
0.05717568852065524 0.7239239197707029
0.9593926718593925 0.1445573804167174
0.7516730534324361 0.8415551758499249
0.4666304358735296 0.14120873684848156
0.21375020996643523 0.10375853905064514
0.03921820775137397 0.20401346948885346
0.6286987922046932 0.5154216810286764
0.6035897382302158 0.41894743140986035
0.9624867773408832 0.11465679201005596
0.7172765950044185 0.22696348625512464
0.5640847546939146 0.609596490737806
0.8122553371212485 0.8626349033772293
0.11617757532358064 0.29889217822253666
0.8729397704578962 0.27234151336287615
0.17851296465639088 0.49405214212288706
0.0028561724720490567 0.8127325694418243
0.6243160521597283 0.5818792782654997
0.6739150585877163 0.19833982899475933
0.6327301246223318 0.446076198474876
0.7466564717976505 0.7565651707668603
0.41562262974689945 0.3994806513225835
0.06008727512864498 0.5688965109963386
0.6818968966145131 0.3439606598162993
0.3843080506362917 0.23450233786602614
0.752315075173944 0.7464857477323807
0.3040724638430605 0.2849251719253394
0.8653255902134388 0.22459615162321234
0.685607489440706 0.7032667093912167
0.8169811807549422 0.3750685902380063
0.21667310205289547 0.6968972755375583
0.7203917775955074 0.06538500045786622
0.47691739855802096 0.9238708527363342
0.38967616181308073 0.6577925138766445
0.2556367296145261 0.4135425402678856
0.2974540556854568 0.5225371943970901
0.26478541930874 0.3281070476549439
0.43465086718941204 0.21253833128337252
0.6292559232204818 0.8280006992683201
0.5265842513332782 0.7401917671473881
0.45979941518287093 0.2399215101399238
0.598354165499309 0.38793068904489714
0.7053108889421649 0.6652733167977373
0.16326770222980969 0.3911859262502645
0.28939920541509856 0.6868512979813185
0.327980233322938 0.8174713550236871
32 41 0.5511747157953946
7 39 0.5550561867095183
33 38 0.562661388098594
14 44 0.2578030420919361
19 21 0.4543720927505576
3 45 0.3687572940750212
34 41 0.53114771295087
3 42 0.7496911081565746
16 23 0.45359724045975747
10 43 0.7245776889448658
25 26 0.39383641514279183
2 12 0.4490967360066123
13 38 0.7674436008479034
38 47 0.09503607425778583
20 45 0.7314878654415667
13 32 0.6504796498796608
38 41 0.2691630611379838
3 15 0.5246602769534922
6 23 0.44454697998141196
7 25 0.5553015149405804
29 35 0.6818484618052485
33 49 0.6594256082981704
1 37 0.3376924110844952
42 43 0.13509952171762873
11 38 0.3867229781978137
0 19 0.7063770870776519
10 16 1.0155631918111232
16 29 0.13070371593540378
2 44 0.5576981189697024
25 42 0.4788200241967604
11 33 0.23483877007998705
2 34 0.15518949096476561
1 27 0.22104006305047463
18 40 0.6107057471782388
32 33 0.3535152785739721
24 42 0.13742606571718124
0 38 0.6520267392227866
24 31 0.5450443991036283
29 41 0.6212973463382977
17 44 0.348645247382484
5 42 0.5814703526103496
0 6 0.48673090355863174
17 32 0.6984047455088823
3 47 0.293104637669568
6 45 0.4354071318057931
23 31 0.32117606038893837
2 32 0.3512712309786969
39 48 0.164511413736453
26 35 0.8303769488748739
35 38 0.5806986543383491
27 43 0.4255832564858203
7 48 0.48747348685681474
40 43 0.48821352345933516
19 31 0.7377791766109467
31 47 0.7215520986667047
5 46 0.6507834749396476
9 24 0.8427013600983386
31 40 0.609395604240412
24 41 0.6271464736290439
19 42 0.5609731308312604
3 7 0.8192086284103381
22 24 0.5629447978197838
1 11 0.25133500134177356
26 28 0.4657666521921522
0 35 0.5786254771447495
12 39 0.32318708996941053
14 42 0.607448244781368
25 28 0.1679239315161618
7 44 0.6686952133974725
0 3 0.7305452679782252
13 39 0.7801505902861529
7 42 0.12316524511700461
10 26 0.3654793454532694
5 21 0.5846579104476409
14 32 0.4773548916865056
20 38 0.4724941157952669
24 35 0.6916790165892718
14 27 0.12222954503500495
39 40 0.1971555775647411
16 42 0.18624798947178384
11 45 0.13105246814500354
25 39 0.17060693036674263
13 14 0.26970507428251617
26 45 0.5678731143344129
7 29 0.0950715959396573
0 2 0.5530650352079072
23 25 0.22205136645719475
23 44 0.26908137391821924
34 36 0.3453173882240168
16 17 0.89572881534206
35 39 0.6227876404023358
23 48 0.41934325871059497
25 43 0.3583246376006849
10 13 0.9275825933047193
17 24 0.7790816433491662
8 44 0.09894884766668018
39 44 0.32592582091404015
11 48 0.380147764907436
9 19 0.39188105345391855
13 43 0.7624336150117422
11 34 0.4502205689963724
2 4 0.7267463553720477
17 45 0.49032858424015613
31 43 0.6169153373146735
41 42 0.6454959753852032
27 34 0.5839498555039515
37 49 0.17118329329208284
10 14 0.6784466668749813
43 44 0.5047083755852989
16 34 0.6182128759666335
14 37 0.5412353414813712
17 40 0.1514523023590928
25 41 0.18790823516230315
29 44 0.5849553300446456
8 28 0.12442134504163263
11 49 0.4262225442376457
26 44 0.5176817034580296
24 32 0.0810413735805945
5 39 0.3135128496315424
9 20 0.7396759228336394
40 49 0.49342781624547555
44 49 0.5924019919205886
14 28 0.3330538782573181
40 44 0.2140260442413693
13 25 0.6165914585504546
9 39 0.427061934573816
3 27 0.4120067301130313
16 33 0.4875892157402837
37 48 0.10440249478860586
8 21 0.4680334172431774
18 39 0.6275202679717362
12 20 0.718294892062706
4 10 0.3371657157583551
34 37 0.17736753105048034
39 45 0.32963584054091916
16 40 0.7651426922167519
1 23 0.20814295672747055
14 15 0.4121598671112492
19 25 0.25527389242052356
23 41 0.30622757491371216
1 34 0.4428724722821487
5 17 0.4291074503778423
11 35 0.45928272058621306
26 33 0.7813178912835212
4 14 0.40990551456436425
36 40 0.6324037381809774
24 26 0.711756129355264
27 31 0.2188469132786343
12 47 0.44119632427783123
27 32 0.35932520891283815
2 42 0.28831419367709865
11 25 0.24257735544986306
9 15 0.6153099435215335
32 39 0.4281661426666089
11 14 0.30175181404731166
13 23 0.4675235534105601
1 2 0.472475871046874
7 49 0.4243767621323413
2 22 0.6734399876766665
42 46 0.17962338048442839
15 43 0.13587278599041183
30 41 0.14930028170974083
23 39 0.3438841757033624
12 28 0.28653874266219753
20 39 0.4135229963268966
0 9 0.8394534158290669
1 13 0.5444970639972853
13 28 0.5904689618220912
4 42 0.8206284674371662
14 31 0.14806792108914055
38 46 0.5153399202655862
0 43 0.3654509254198415
41 48 0.49605527476885714
34 45 0.49106087785783975
5 47 0.3492421619805815
10 34 0.5238555963017113
14 19 0.6013340165656972
33 37 0.5123693942952985
17 36 0.7216173249473979
2 38 0.38231628351514235
38 42 0.5580025693424664
6 35 0.2517730986568769
8 40 0.2750861488594967
35 41 0.32140623928720663
17 38 0.18053686945517616
24 40 0.6448070056128085
19 20 0.3638853162696641
2 28 0.5524481408989067
2 47 0.43378532922284
4 20 0.8273645292639715
0 44 0.5637687100723731
11 27 0.17952414909417985
7 27 0.5024629483325288
9 34 0.5931459382137257
20 27 0.8251323580480184
6 18 0.1542818485549691
32 34 0.46897764271060655
1 39 0.2545789846571526
33 43 0.4665247163162211
9 33 0.6614353694759096
5 31 0.9499655170842833
3 25 0.2718959485171073
17 28 0.27575351916622437
2 30 0.5021570649960978
6 22 0.2904996031913683
21 44 0.3794744247292566
3 32 0.6670320017395392
32 35 0.6388294148629726
7 36 0.2868214436661535
11 44 0.32315219899931286
42 47 0.6387113338816425
20 36 0.48691453468939055
32 49 0.3754197056660209
15 38 0.3654823329112326
23 34 0.48581339908264004
36 44 0.684163524746017
37 46 0.3157233652775728
3 26 0.49848066043672484
19 28 0.3312366500000409
15 36 0.3261388087690633
33 47 0.6539121351722729
28 31 0.48111953390683443
30 36 0.6619115911386086
22 29 0.5537242191104087
6 40 0.7184495219841333
2 26 0.3571696843072692
12 42 0.40985769359332436
0 4 0.7741517601420622
5 25 0.48347455374171355
5 38 0.3684065493095026
2 25 0.3925756551062328
9 23 0.5410411711124636
25 33 0.4021002800218781
9 48 0.5879795370842222
0 33 0.25469529714990347
5 7 0.704388885684735
22 46 0.4679877991951276
30 32 0.5661966246164931
3 21 0.5320788571950972
23 43 0.31268340882088863
10 46 0.8102099151919528
19 40 0.18703130970432788
29 34 0.5379324678280971
25 44 0.16556179482719977
33 40 0.5541890881647994
8 15 0.478418678826644
20 23 0.728819655311291
13 34 0.9461722987410462
18 29 0.48924745487144844
20 49 0.32515859366309763
5 14 0.8262583610594676
40 45 0.33889080321587656
23 30 0.36604031382741437
3 35 0.40671026388230375
0 42 0.31807843000364233
3 23 0.4334759773774934
44 46 0.4911212102674109
28 36 0.6955612414568411
16 27 0.5348049120425605
7 17 0.835665980934216
22 39 0.49681668494524966
41 49 0.6142658930309214
14 33 0.17853886480389564
47 49 0.45700053028814475
13 27 0.362368520924406
0 28 0.624576082755404
33 42 0.4902940624839623
6 43 0.7362767492827218
27 42 0.4868940663764398
27 29 0.40863818504084637
5 10 0.5202204796313333
38 48 0.2753862411505778
0 17 0.8234425280366778
6 38 0.7534092131538599
2 13 0.9123706942296572
20 41 0.7393779695829901
0 21 0.25207065724128014
16 35 0.8025249661372992
41 47 0.3249058100603088
17 33 0.7049315847180817
27 28 0.3170808185539126
0 46 0.17272466768582856
29 32 0.07948450961975108
19 37 0.2672092909602766
4 21 0.5937543120216158
11 20 0.69287282313772
15 28 0.41595106303556945
17 48 0.42487411280939613
2 6 0.8884710726233854
27 46 0.32216461409222236
15 44 0.3841028811620374
7 14 0.6155534593123343
13 40 0.7296219546003018
12 44 0.22962129145314317
6 37 0.7668032368456581
5 13 1.0912353552330383
7 33 0.471035971078896
0 41 0.6008376220768058
2 10 0.6565501328972548
1 22 0.24880998765867388
16 45 0.5206705314554638
2 15 0.2816607475128998
2 9 0.6940750891993643
7 9 0.9130744015658724
21 25 0.27716818661065795
25 46 0.3931475912885265
10 17 0.12216674518085971
11 28 0.3723473001477089
45 49 0.5075502407939683
34 39 0.19216399341473073
22 27 0.14583941890806337
11 17 0.5563838812715286
7 38 0.6551693298412785
0 37 0.4844551533152788
8 9 0.255638271723778
21 39 0.33220512888423626
17 41 0.3299730663448937
6 8 0.49277361397251607
18 20 1.0242401871505131
14 46 0.438473129931427
9 49 0.7227962935158123
6 19 0.8555230596433376
23 49 0.4804236240599625
2 29 0.4100799949153289
27 45 0.0944073693762889
39 49 0.2965097074729095
22 32 0.5050622412001815
6 48 0.8619593598921027
10 22 0.6347222090474118
5 28 0.5886841828836853
10 19 0.3217537271338746
36 48 0.30222730203582243
14 16 0.6427278677637372
2 14 0.6717228565078736
2 39 0.2670519455872002
6 25 0.6005595164081309
5 12 0.6257627123542224
8 35 0.2648472343687431
29 47 0.6879060769593548
25 30 0.15989495730981138
15 47 0.4564619197981137
10 28 0.34643407851603997
12 13 0.4705314845031581
26 38 0.24974876450309566
35 47 0.6453940490888241
21 22 0.38673320336576533
28 49 0.5856839574113805
8 13 0.4965667298038518
2 21 0.3463809917273802
18 31 0.04834868466097541
31 33 0.15804789371761244
18 25 0.47466127669025104
9 35 0.508092714486023
5 43 0.46969036790217805
6 13 0.0300602507606834
15 19 0.40251223803703934
0 1 0.5067203130615121
16 41 0.7518049539346534
0 5 0.8218962858380771
22 35 0.1408441402437596
27 44 0.24525789676106644
22 25 0.3273722792222972
32 38 0.5184736719253034
30 47 0.17640104535593457
14 29 0.5207024824821106
17 47 0.10361281762914505
22 47 0.5458482754227576
12 32 0.2959127630661876
6 26 0.9943912179469989
17 34 0.4104965388177375
35 45 0.3448606965025503
6 47 0.8334510224888287
0 24 0.18340286873434514
7 35 0.7768002699446783
8 45 0.2796835044155014
0 34 0.6603329321035682
19 36 0.5232488224215689
2 35 0.8124924944680857
6 41 0.5291269897189544
27 35 0.28122278330307215
1 24 0.5149474473962115
6 31 0.12351040743853191
22 42 0.6312426236601952
25 38 0.16060269288488208
5 41 0.6356120913132026
30 46 0.5528625372403924
22 23 0.251136432141818
14 48 0.6281527361208242
7 21 0.2892254787522244
1 40 0.1966620817811356
35 46 0.600077849352615
24 38 0.5989698759103149
12 38 0.34799498423535763
1 45 0.14952382385114035
24 30 0.6467804052415149
16 25 0.6097781283019295
11 23 0.06946256251881969
30 39 0.23770417865417598
24 25 0.48692171712671806
46 49 0.4068693482063539
24 28 0.6354887723749127
36 47 0.6181661288943682
30 42 0.6329891868361762
19 30 0.2439247373679293
26 36 0.5474980685736636
12 35 0.37235615877889644
37 44 0.42371387330024757
7 16 0.06414489854678349
14 35 0.16160851287946024
7 22 0.647898362547925
9 41 0.24623188981067914
7 18 0.5819878093397256
10 41 0.39552453959123074
32 37 0.29940483150601704
32 40 0.5637694444577748
1 7 0.5900506981506428
45 48 0.4298914953887283
2 48 0.11278330145398058
11 13 0.5215619956355951
3 13 0.6417426177519091
1 29 0.5097932458478242
4 17 0.33066690942011073
4 46 0.7062611785305926
11 26 0.5711204906073634
37 42 0.293886523083918
29 43 0.2258185533196729
9 42 0.8349680858473085
26 31 0.8757576614252721
13 16 0.7629159460352557
9 11 0.5845073723784543
16 38 0.7151980318945637
8 20 0.816107116213575
9 21 0.6302092922539677
37 45 0.3411332785349301
26 49 0.365453266688519
16 36 0.34088322712293406
16 31 0.6402420639907168
16 37 0.46961001260667395
34 35 0.8077996395559557
30 34 0.4211409058688137
25 27 0.2720008357574348
36 46 0.3450163359079769
1 47 0.30483917138503064
21 32 0.13598363401258523
13 42 0.7873387658183096
32 36 0.30367374284527215
33 45 0.21900503506838628
7 8 0.7561312243564839
1 16 0.639608063030945
10 44 0.4221112879655492
34 38 0.2860211010965935
23 28 0.32630817540548784
23 33 0.1974602038728389
13 36 0.9437187174622995
18 21 0.3970231494526718
2 16 0.4744759439587216
12 36 0.5205704016192811
14 43 0.547509669542393
21 34 0.42355863167721786
37 40 0.35254815869765316
41 45 0.23991925524785576
24 37 0.3703930067723091
3 12 0.39367103648717183
31 38 0.638295577706962
18 26 0.8652595251046782
12 22 0.23154560010227868
15 21 0.06630273796496118
5 23 0.6391105265488923
31 34 0.8023829522413959
25 49 0.42708010727670115
10 23 0.6409764116034219
33 48 0.6128223213552546
4 47 0.3781507904796028
5 18 0.9324149865569478
4 25 0.3482949992646131
21 43 0.18604931880756498
0 40 0.6760994733602838
2 11 0.39234445683249036
1 12 0.16884777933887807
47 48 0.3214454357066575
16 46 0.2244742988707238
9 10 0.2012770997266409
9 25 0.3580559195916147
29 37 0.3733275655712233
29 30 0.6433969255071531
34 46 0.4896600469125707
40 46 0.554746592998479
15 33 0.34490569497659024
13 45 0.4552704490818348
8 31 0.40732209249798496
5 44 0.6295746165465783
11 37 0.2782108407038616
0 49 0.5784167411689257
25 36 0.5279603508052123
4 31 0.54756753880574
23 35 0.3906537516133893
28 32 0.5572444596721101
9 32 0.7629281345565648
13 24 0.67722159409537
10 49 0.67802218602127
15 41 0.4176222135182353
4 33 0.569444253574207
20 35 1.0360433067618937
28 38 0.22048061803611008
18 46 0.4271941526622145
37 41 0.4475198445214364
1 18 0.41521487059560674
18 38 0.6332462192808581
19 43 0.4263077944585413
17 31 0.7528231185224472
24 47 0.6883636021619661
9 45 0.4781987175263944
12 14 0.22312000493092202
15 17 0.5451220149169126
1 44 0.08790907116638404
1 41 0.11835028302026775
0 10 0.9333082852985123
3 22 0.3565806581949055
2 8 0.6558254248030888
17 37 0.4512326758385144
10 12 0.603913762388382
27 41 0.2800043347941144
0 20 0.8903941170580301
20 33 0.9243101686144867
5 29 0.6955054298549241
25 29 0.48350216105206406
26 47 0.20549270660432298
15 34 0.3582126231966384
16 44 0.7155397592213523
18 42 0.6067445494485535
35 43 0.7020865542124073
5 36 0.464932123161494
9 44 0.2812126705600219
40 48 0.3595876466297502
31 32 0.511296487978639
19 29 0.6268744589432622
14 38 0.4979187772252567
33 44 0.3818946803979071
3 44 0.16812307925319034
33 46 0.3109486089230165
14 23 0.23485843887406868
4 11 0.538431364640675
36 39 0.43963143285137907
29 48 0.46674122388289246
21 40 0.4400711544594683
5 11 0.608368179316664
35 37 0.6784684815651865
12 48 0.4129021344514761
37 43 0.15979193319954096
7 15 0.2983189592073489
13 33 0.2983055200530914
34 47 0.31034104758043435
11 22 0.3202895746584321
4 15 0.5933886895804457
2 49 0.03581591159945732
7 19 0.6702766934746118
21 30 0.43673527122298994
6 10 0.9220933092286445
7 13 0.7568511654329142
18 34 0.7816223738194323
13 17 0.8661304422268191
12 19 0.43166072441585446
2 31 0.7656884594712031
2 36 0.19181451167993974
13 20 1.1866763201639663
0 26 0.8146670214492097
3 39 0.37887708184144003
16 49 0.486376523136908
19 23 0.45674382270200686
12 25 0.18897245671934632
20 34 0.24317790748599738
16 22 0.6785469611703722
4 18 0.5709224812336371
4 49 0.7588909040818156
12 41 0.26673031092016486
3 34 0.56232229770451
8 18 0.42694622664542303
36 43 0.19027559682573714
0 36 0.49700401969248503
13 31 0.14672068387301493
39 47 0.1877741544981714
25 34 0.3578233683384846
6 44 0.5086135461767778
3 43 0.6301036281462729
6 14 0.25575566650827974
15 18 0.45730989550493406
13 15 0.6353656246807122
8 27 0.2957160654869757
23 40 0.3863936162949406
18 27 0.2040261791659483
22 33 0.22737847383281518
33 39 0.5400513150577391
2 3 0.6414654114064873
30 31 0.5644861934105548
13 48 0.8834327547383816
20 28 0.6927162016751371
21 47 0.49892838712174625
3 30 0.14157404391286751
8 29 0.6693100724154356
11 31 0.3749289667254854
28 29 0.6305205643652203
25 47 0.25249121154246335
40 41 0.2054516940486839
1 9 0.3339988008458519
19 26 0.14009398092775918
1 14 0.2749903475233991
3 5 0.6369127626488491
5 20 0.10410372750369098
34 40 0.37191534958030126
2 23 0.44554373601317043
30 38 0.13743524944358138
2 45 0.4719085740341915
15 26 0.5056381589230585
6 36 0.9165761711315057
37 39 0.16370375165563877
24 43 0.2206804716466897
1 3 0.23073225428083952
9 47 0.2918269804178126
18 33 0.11697955413170479
4 5 0.7241837704221913
3 48 0.543376677997145
10 33 0.7963511138372674
13 30 0.6800740617151814
2 17 0.5373250638871202
5 30 0.5036644897889857
4 24 0.8059230446470086
6 49 0.9227648046820497
4 27 0.4425795843327132
15 49 0.3145747990759772
8 36 0.7827297165991097
22 28 0.29185603660442067
3 29 0.7403656563491933
14 30 0.4172495788069121
1 38 0.22295105396424988
4 48 0.6304365176018231
4 34 0.6506355110217962
30 33 0.5207698030313253
12 46 0.2665025971998857
24 45 0.39734739859199714
34 44 0.5176265587244618
19 49 0.3562870355149213
14 17 0.6053872877666058
6 27 0.34170977907292077
6 34 0.9255872293391096
19 35 0.690932823258213
22 31 0.19320296606214704
0 27 0.3386104916739616
19 33 0.6494603518208086
14 47 0.5778363635764933
9 22 0.4697843210603554
36 49 0.18303860877357542
13 41 0.536834745313626
24 33 0.3879242266798197
12 49 0.4845429979762312
29 33 0.3770045226415908
0 29 0.17222007787808405
0 32 0.2035711888520875
3 4 0.08847194277208893
3 18 0.56614644528887
17 20 0.526187882787726
28 37 0.42332421348737737
5 9 0.6396254217974996
34 43 0.3129206504084403
0 16 0.24666577302496367
11 32 0.19627621990863736
9 18 0.680405096901018
43 47 0.5037896305331834
20 30 0.6077103776145597
7 41 0.704389989507779
13 49 0.9468615867092919
6 15 0.610352130742523
14 45 0.20013241769728737
4 8 0.14821275983526355
28 35 0.3762352260738248
8 42 0.7057834290909122
19 34 0.2064033532579737
11 15 0.11420975714532919
9 37 0.5812947494986036
27 36 0.6150710743288482
24 44 0.5909379349776894
0 18 0.35120368163714916
31 37 0.6433517443880868
1 25 0.08506377127706165
24 48 0.46254105949461694
8 43 0.601976021594085
13 35 0.24705808698457113
29 42 0.1476084083086456
5 33 0.8360648461529484
8 41 0.07817035151173506
2 43 0.18802727896873994
18 30 0.5690064683270605
42 48 0.36800236700478833
1 10 0.44000482454997786
43 46 0.19379366654710722
3 33 0.5465941568593039
0 15 0.3091493713577052
7 45 0.47883385054335453
26 40 0.3160393897712939
0 8 0.6306497345547019
3 49 0.6730833920627992
16 20 0.8109360336469348
22 44 0.21811589799354153
24 46 0.10021806136011364
16 43 0.31080587327957193
31 46 0.4688294663619071
28 33 0.4549339609576031
10 38 0.30122982605803883
27 47 0.5207748717611915
16 18 0.5934044883079561
20 22 0.909834308074198
3 37 0.517888452185702
10 21 0.6965070401465672
12 45 0.03145551666647869
15 29 0.23274303905496577
20 32 0.6914709938522763
1 33 0.35866034133129626
29 39 0.5070024670463404
11 29 0.2620526442087312
38 40 0.08592393101538727
10 45 0.5886073078852543
20 48 0.3129744466130024
38 43 0.4243963677348221
9 14 0.5183804389105342
4 45 0.416326230217346
41 43 0.5356023669656852
32 45 0.32718488392142575
1 6 0.5305968465099508
4 37 0.6008322151049345
22 38 0.47039235477195934
3 31 0.549768621406206
11 12 0.09968824118724755
10 39 0.41005257771126474
8 38 0.3445055073083582
28 44 0.0756856231343754
22 34 0.6764833584938116
24 34 0.5333316322206106
7 11 0.348548024479885
14 24 0.5304159890105627
22 48 0.6216879415530528
7 20 0.749371379124796
3 14 0.4043565983630851
4 28 0.18044295127559387
18 41 0.44235006874095195
30 44 0.1620993921879035
4 16 0.9305902150689709
30 48 0.4021938777744641
3 10 0.28843987497988927
28 47 0.27094018249905344
44 47 0.33288433481928675
46 47 0.6073999620665184
24 49 0.42308315488100073
29 49 0.4302313499168021
8 25 0.26326066567561834
44 48 0.47831210182145184
5 24 0.6902529983816463
5 35 0.9346277810216542
7 26 0.7433933254151538
1 8 0.18667836765902615
31 36 0.7999037635627662
4 7 0.8828488440107245
2 37 0.13558428240157466
33 36 0.6456216378695487
9 13 0.7488158780643199
14 20 0.9238625216712257
9 12 0.5013171607511117
18 37 0.6181554733539729
32 46 0.04279861951834833
7 43 0.24685929079990357
4 40 0.28062839240304643
30 45 0.31178815963208856
9 29 0.8385406244278195
4 44 0.21530699881457308
28 39 0.3008449684069691
26 29 0.7146448517690759
14 34 0.6866160670015029
7 24 0.08513792959261943
6 20 1.1667991077683126
21 36 0.37240381320904387
12 24 0.3666794624494075
8 30 0.21697812788818013
2 19 0.3351865544503779
12 23 0.03981371775594059
9 17 0.21816864157713856
9 28 0.21490443909477758
26 27 0.6612437844838222
4 22 0.35871293761193423
26 46 0.6523817904563698
6 28 0.5820759546123472
30 40 0.05837933075814327
18 43 0.5821048063659291
30 43 0.5067338239126815
17 39 0.2878858377762024
20 26 0.25046241735941166
25 48 0.3138697841639195
26 39 0.24185155518924212
7 47 0.7409813211605589
24 36 0.3174119702396949
7 34 0.5542119234542806
22 30 0.37984281814701437
0 31 0.39902130637867683
7 23 0.4129782583375788
9 27 0.5261733355462737
12 21 0.16424483799771064
17 43 0.6026433164804632
1 43 0.4174892945454537
15 35 0.5662137684312101
16 48 0.5516143674603701
8 14 0.2649101246326064
38 44 0.26800497062773565
43 49 0.2131095743325066
2 40 0.4642028485089521
0 7 0.2494574128469507
19 44 0.37908369176455775
21 29 0.20851628157759042
25 32 0.406420710029353
21 49 0.3785743575004871
11 40 0.409291723405745
14 21 0.36688810548221823
16 26 0.8074893415025484
19 45 0.4330454903686303
26 43 0.4969522045306971
31 45 0.31297270284906326
28 40 0.15181403457562598
19 27 0.5252835767607895
12 31 0.3260031842913372
16 32 0.20356300886083703
11 18 0.34458906449641596
6 24 0.64792763968361
23 38 0.3784942106226227
17 18 0.7572278110245277
18 32 0.4698828663434827
11 46 0.16830010727618394
22 41 0.23968510749048244
9 40 0.23008008585183115
2 18 0.7368814348346698
15 39 0.2804839580672652
29 31 0.533985137467779
27 30 0.38240880066964145
24 29 0.011559176479239196
3 9 0.11510555668084058
32 47 0.6084679683511651
23 47 0.4726604574359345
16 19 0.7331320798814234
21 42 0.2461709897663501
20 46 0.7177651843614758
18 35 0.25710287505227347
12 18 0.3066638796262962
3 11 0.48171943946345375
7 46 0.1822765594560044
1 31 0.4168595020347353
3 38 0.2770495063313335
12 33 0.21785605441522257
8 47 0.3930871956513025
6 42 0.7590026632922737
3 16 0.869906796973253
19 47 0.10398978985654465
27 48 0.5211798416459381
10 31 0.8263637541435178
10 24 0.8976537639992542
7 10 0.9560603194800068
18 48 0.7157778653988226
18 44 0.4144104363620085
14 22 0.05195706492264416
37 38 0.2786119505548718
16 30 0.7694143009507229
2 20 0.3423236837759883
4 30 0.22959384859373952
21 23 0.1360634892100906
0 13 0.516710500829315
22 49 0.7092212277236782
15 46 0.15180490754521953
9 46 0.7462779286187194
32 48 0.39654819387089973
5 19 0.25993031515967246
27 49 0.5911593550230139
11 19 0.4506927296045453
18 23 0.29645305659313587
13 44 0.5180596815826685
9 36 0.8613020238047123
33 41 0.4154425998221378
46 48 0.4164710527350941
7 28 0.7095563355955021
1 46 0.41635019148557195
28 45 0.2633552699936323
5 32 0.6287712213104865
15 30 0.41595415210445424
8 17 0.3842932150730833
3 46 0.6470311552409468
13 47 0.8457065047077733
40 47 0.11951900186062855
31 35 0.21529979260409038
1 20 0.6674209511561244
0 45 0.36180132712326823
5 37 0.33901316727409225
2 27 0.5559268073630544
8 19 0.4555328153560368
4 13 0.6215261037966612
5 8 0.7121868957920274
43 48 0.24310892961400127
8 10 0.4320019064661338
5 34 0.16177102466752016
12 34 0.4764038194655711
41 44 0.03717913326678263
9 30 0.20243383712341126
5 26 0.15505474777596998
34 42 0.43291187560118083
8 11 0.4078007843492881
24 39 0.5065095303790069
3 36 0.7948074136609758
11 16 0.39274677204958547
8 26 0.5900798028266936
21 26 0.5643781224285338
8 23 0.3471790255199327
35 44 0.31364210903479445
0 11 0.26708489949108205
38 39 0.11674126686166916
21 48 0.35098207811309123
20 44 0.732741179897545
0 47 0.7467236431700233
26 37 0.34136686065577776
20 40 0.5508800474836988
28 34 0.49184403459919895
39 43 0.3160287322328837
10 20 0.6098041818954751
17 42 0.737024570909186
5 49 0.28650693556698215
9 31 0.6626856002330707
42 49 0.3014596298237344
6 30 0.6701848192309168
7 32 0.15325912273351508
42 45 0.4411536382353677
17 35 0.6477657016967804
15 37 0.1809453340572006
17 19 0.20487340547972327
13 46 0.6077153897532407
2 7 0.41141801993943583
26 32 0.6397897222757535
12 17 0.5019799601250997
15 22 0.4256697516637041
5 40 0.44695950215808605
14 40 0.46365750732097116
17 49 0.5601649119209017
12 15 0.19469901783736343
5 45 0.6369973273401545
8 32 0.6032081850305183
17 21 0.5816239424508641
26 30 0.374390830183894
10 15 0.6633117511583935
28 41 0.05492555656216857
35 49 0.8483046061424447
4 36 0.8753620503436753
36 42 0.17999475665228634
17 25 0.3158882421667245
15 40 0.4108727281398792
33 34 0.6811339751007732
10 36 0.8424815925874606
36 38 0.5562374681329684
10 29 0.8959817604117872
21 35 0.5253540558766441
20 47 0.4510359534064852
4 32 0.7297031142998504
21 24 0.2132658887777879
42 44 0.6120070594382168
8 49 0.6903296367739863
12 30 0.32813497785765955
4 35 0.37696914551696964
23 32 0.2625699423306937
12 29 0.35972291351596847
1 19 0.3281563221916456
13 22 0.3004604592007742
23 36 0.5025587898389783
32 43 0.16325394374552876
0 14 0.42603016134010196
6 33 0.27095470221398116
30 49 0.5330825626243292
19 39 0.12230446164489922
15 24 0.23437624622749018
40 42 0.6186537085842406
12 16 0.49030592994715877
0 22 0.46947021752014984
15 31 0.4888469107019631
23 37 0.3223337199930872
8 33 0.4212316173630971
4 39 0.4660766798124355
15 45 0.22429917556047518
17 26 0.2757688551896026
36 41 0.7125871285327583
3 6 0.6379579753951622
32 42 0.13687244882054841
22 37 0.540267082177727
7 40 0.7075934910734409
10 32 0.8167453097727941
25 35 0.4522213367446142
18 22 0.21233719698707174
6 29 0.636552346966313
24 27 0.41765570154692244
6 11 0.4968890937719143
20 29 0.7523810791252868
1 15 0.2998919516219049
14 18 0.1621424976261683
6 0 6 13 18 31 33
4 11 12 23 27
5 2 36 37 43 49
2 34 48
6 1 14 22 25 35 45
10 3 4 8 9 10 28 30 40 41 44
3 7 16 42
6 17 19 26 38 39 47
6 15 21 24 29 32 46
2 5 20
