50 900 10
0.15240474408627203 0.724553340217718
0.9788980601166196 0.18936528005405284
0.43438633213389133 0.12031838099584824
0.24781919319582502 0.12937530220521465
0.4707966112435933 0.3219417769376812
0.9819917629529578 0.6696398010305067
0.3420131091363009 0.7604147167756135
0.6368818282179047 0.9053299220983101
0.30033196988430844 0.40255225147985574
0.13828914244390245 0.8489194035917809
0.6518036221028618 0.09834353956693931
0.01415858595687669 0.1255708170276929
0.682195508392175 0.9861272285870758
0.4716065102185061 0.14745049298372037
0.9409422386892231 0.4945400090450601
0.18243052166160956 0.04523243941779398
0.38101297937666545 0.08795734527653842
0.645906118097415 0.730903270707987
0.4358830496963554 0.48151083017902474
0.9948526643864151 0.6975471193502714
0.15086299999143504 0.8895795203092459
0.22440724171326498 0.6866999263298603
0.36247821059781316 0.6898939130538194
0.5277992547356852 0.14772934888498446
0.9700961777997675 0.14607034250713424
0.5926507486930022 0.4699538173405483
0.9385957048932667 0.5138181318192703
0.35487458642677905 0.4241986611323949
0.5324083631104592 0.1863579954980158
0.15231357626315478 0.8657160893967522
0.03863747726558808 0.4254915660195032
0.032943298782028174 0.35510864718091917
0.1742955396737801 0.7341328864808198
0.17056634838562668 0.7866387512945655
0.06774798806179139 0.6692214875025678
0.019445922804949833 0.023965747282849503
0.8035586005922696 0.22652404220847355
0.3374862949208187 0.39777419788111
0.4695163440641834 0.9188695531431997
0.38154316399441324 0.9522168207418079
0.52744443345825 0.5847294770905647
0.07240769465434782 0.7976400772083675
0.27240347276696464 0.13296290503320773
0.6798017148049461 0.03754296738917495
0.3308885504112946 0.11388500416899583
0.06077856542863025 0.6072106255636881
0.5881679270387258 0.786863360084259
0.5942054020717763 0.9483315925120482
0.6079115029038392 0.5806623942065504
0.24236610928512736 0.2702809619214479
22 43 0.7254350161329753
8 40 0.2911504982682325
16 48 0.5424400475812391
10 43 0.0669373047866288
9 30 0.43499607814777597
7 29 0.48618478641745777
16 38 0.8356123160550362
5 33 0.8198170270058173
28 34 0.6701241795750984
7 28 0.7265227705659992
23 42 0.25582230808012413
28 39 0.7805767409474391
8 21 0.29411641482669876
15 20 0.8449369807472703
0 20 0.16503338174580126
40 47 0.3696803014351645
1 9 1.068473207126186
23 27 0.32609541782168816
35 46 0.9515552982973572
1 33 1.0050551007967914
9 45 0.2538326671748029
28 31 0.5272021746237475
2 37 0.29389002626044114
13 17 0.6089314387851098
8 25 0.29998873232953144
18 38 0.43865003253492063
5 12 0.4359381676913003
15 24 0.7940941181994803
2 34 0.6600896118533139
32 38 0.34825703058867896
8 11 0.39826363215796523
31 49 0.22595054712369453
0 2 0.6667934477360375
42 43 0.418423579779664
4 36 0.3461720463239948
17 27 0.4228085500098984
2 19 0.8045592122217204
30 34 0.24546220985104145
19 37 0.7224917633790263
10 24 0.32185089518433846
12 23 0.8524958696862533
20 32 0.15720286220216692
6 9 0.22211828874118705
1 41 1.0916606668415996
18 47 0.4929377155451509
7 16 0.8564851412299013
28 42 0.26543093016503877
2 25 0.3837871335737359
4 24 0.5293683203704597
1 47 0.8508926516310352
14 36 0.3011757335777651
0 34 0.10113545503669577
10 33 0.8398449929016514
24 44 0.6400174114159248
26 28 0.5217454336207628
35 40 0.7566494878699326
20 28 0.800060858357325
0 10 0.8009606443485952
18 19 0.5992651403057216
35 37 0.49079775471600573
1 27 0.6667473378909142
2 17 0.6461845923564253
0 5 0.8314025009934599
7 38 0.16791225951323888
9 29 0.021881805181051966
14 21 0.7418543224260661
16 43 0.30301207552934417
44 46 0.7204807736284224
28 32 0.6544479547687599
9 16 0.7987353223757748
2 5 0.7756453637916164
44 48 0.5427917170130343
8 10 0.46483896428435895
11 15 0.1864663488750945
28 33 0.7009041513643666
12 25 0.5238828633076857
10 23 0.1334767443719392
0 41 0.10835681354559157
31 37 0.30751713076468107
27 42 0.302687545529966
4 17 0.44487396280005925
14 34 0.890495265706058
31 36 0.7812694439308434
28 30 0.5486297041342038
15 25 0.5904819078771935
11 17 0.8749470405940385
17 43 0.6941883186099537
5 31 0.9998113992584567
13 37 0.283989769859855
17 33 0.47859621860799617
11 25 0.6732405463514538
21 23 0.6184949449405867
10 27 0.4408496483813572
18 31 0.4223007870387961
12 39 0.3025586686117302
16 31 0.43877365538334046
17 40 0.18814874080912095
31 40 0.5452128921113891
13 21 0.5932094315784766
24 32 0.9895030122574321
7 15 0.9727762691102638
8 38 0.5433294658524904
6 45 0.3202567128703685
14 41 0.9199032044201554
24 46 0.7459791418699228
8 17 0.4766926512349092
9 46 0.4541386058950757
19 26 0.1921488650775239
5 10 0.6598512155935545
7 36 0.6989696481408553
18 44 0.38232524482392827
3 32 0.609210524667865
9 27 0.4767567132411581
44 47 0.8750067846398379
22 25 0.318359926805407
10 42 0.3809763428106634
34 40 0.46739674981069484
5 14 0.17984715898680634
25 34 0.5614539273084351
15 33 0.7415012325669048
26 40 0.41722150818338155
1 37 0.6744207363074168
14 46 0.4581513467439214
7 35 1.0761179795641616
24 35 0.9584599310855924
4 16 0.25061886363760416
26 39 0.7088730096222233
32 35 0.726853334202336
4 21 0.4401774971140164
5 7 0.41791231164179454
0 45 0.14887803497420019
4 22 0.3835644018817294
19 25 0.46213103348199874
6 29 0.21696610760251414
16 34 0.6603052005105441
3 44 0.08450128662595721
12 15 1.0653863366158351
6 31 0.5097030093326165
14 28 0.5117382934365138
13 41 0.7629588388517734
0 1 0.9846407777380475
18 25 0.1571931168800083
27 44 0.31123928997113176
41 46 0.5158728088794374
22 26 0.6024234789337387
24 47 0.8859554100161239
20 33 0.10480946456917277
18 33 0.40434638645435933
25 40 0.1320049833057275
6 15 0.7327702860186367
23 49 0.3106299701890312
39 40 0.3953911078603135
12 40 0.4301953627128728
9 31 0.5049225781482736
27 31 0.3292615738169616
1 24 0.04418059245314956
14 16 0.6919756049973266
20 41 0.1208639571304665
45 49 0.3827474811490056
1 11 0.9668464130950887
21 37 0.3102659324417648
7 32 0.49324892230317585
30 39 0.6285091916219236
25 29 0.5920511814079944
3 30 0.36254907526409674
25 41 0.6148423539262939
30 48 0.5900431358694331
24 48 0.5657278410417657
9 23 0.8021132216821247
0 48 0.47769342854227553
2 32 0.6666449335788046
2 40 0.47364277298190727
3 42 0.02484467138207662
15 19 1.0418945146438647
37 41 0.47974929470442407
46 47 0.16158106692347746
14 25 0.3491581916929899
10 13 0.18676855197099143
29 41 0.10497282196432452
14 49 0.73368980420202
5 27 0.6734369356136111
21 46 0.3772990188827964
9 49 0.5879238566392256
42 46 0.7261494306942029
14 44 0.7190714396488713
22 27 0.26580402930377783
13 15 0.30671042178684593
24 30 0.9724667248548772
10 25 0.37628879996569353
0 39 0.32300940519177196
18 35 0.6186819728552275
31 42 0.32663420776038377
25 46 0.3169412468771015
11 27 0.45306288995108474
14 35 1.0346958954307965
8 34 0.35384712806712715
0 31 0.3882787891801886
15 47 0.9925455316792104
13 49 0.2600740000837421
11 44 0.3169454662958051
19 49 0.8653279059941354
17 21 0.42381038029679297
28 40 0.3984024070507539
9 37 0.49316478198532726
13 24 0.49849157816417977
29 45 0.27423299042971494
13 43 0.23542495066391175
7 40 0.3387642081314744
28 48 0.40146815933465724
15 30 0.40653836593926895
29 35 0.8521721960873646
1 4 0.5251129496335082
11 13 0.45797087640068795
20 29 0.02390747804423209
10 12 0.8883037460477272
0 4 0.5132927546329876
31 35 0.33141786208828516
1 5 0.48028448496323695
1 19 0.5084322287069275
21 25 0.4272963329994098
15 28 0.37736045378940813
16 40 0.5179041626512568
21 34 0.1576312709410038
30 49 0.25611654989288785
15 31 0.34404897026717746
1 25 0.47740644406893795
3 22 0.5721256884455015
20 49 0.6260219831855893
33 38 0.32688848996827935
20 31 0.5473245565072626
34 45 0.06240128083815605
4 5 0.6182349060747179
31 47 0.8166569729430905
10 36 0.19864494645914602
7 13 0.7756914075938052
5 17 0.34162373072561797
3 21 0.5578161490382824
27 45 0.34638973525776495
5 32 0.8102669604336268
3 38 0.8200309743950395
14 20 0.8833353943328226
6 40 0.25544095106890147
29 40 0.46869674237745096
3 46 0.7403565403790414
15 36 0.6470446164512195
12 14 0.5555248553003396
8 22 0.29398534948345156
0 29 0.14116277861870982
3 45 0.5131381808876077
11 45 0.483890822037923
17 28 0.5562475142781156
7 10 0.8071243284177557
0 6 0.19296986921686032
6 35 0.8039942004546292
6 26 0.6455390532510409
20 39 0.23903298824622501
9 26 0.8676309447242371
11 14 0.9975300514921138
19 45 0.9384322588516717
28 29 0.778459675727794
12 26 0.5374169179095674
7 24 0.829160365652045
24 29 1.0893385077157176
25 45 0.5492972335029673
5 20 0.8597374603554051
33 42 0.6615609661155669
29 48 0.5374244876267539
19 27 0.6959104251834428
12 29 0.543390931501341
21 47 0.45299206191036845
7 42 0.8540464159764771
12 21 0.5470162762166357
1 12 0.8502129185268454
9 39 0.2642780266884916
29 32 0.13340669400371746
11 47 1.0066725398860594
6 46 0.24757165651472285
17 20 0.5198517490319835
0 46 0.44019551359892617
3 26 0.7905494787516766
8 24 0.7171938816212208
20 21 0.21579825102089986
15 23 0.3602571001875155
26 48 0.33737248977870743
3 8 0.27817842714799856
10 28 0.1483299441202156
3 7 0.8680295537041134
5 30 0.974436077423099
29 43 0.9818933019010067
33 37 0.42317597929556156
34 42 0.5739835665695986
17 18 0.3260464363454816
23 33 0.7319976597412574
8 12 0.6974091452995446
6 32 0.16976430045819357
2 38 0.7993235216582404
0 24 1.001629601903146
13 19 0.7592053978939876
19 38 0.5700542686005672
20 24 1.1063222392675252
18 26 0.5037497150712866
33 35 0.7775008000484243
48 49 0.47954151885234153
7 21 0.46683440271887194
24 31 0.9601835925864011
27 30 0.3162397521085452
0 17 0.49354222490899124
3 23 0.28058101484132364
26 32 0.7954202245832785
17 36 0.5284436690684777
6 13 0.6265138380377973
42 48 0.5594644500702416
41 49 0.5540699406934205
35 42 0.27544128681162106
9 35 0.833470003006483
3 48 0.5773443607742909
24 28 0.43953807356247987
3 29 0.742508638163586
12 31 0.9053799654087208
7 22 0.3488696308881174
3 47 0.8891978470130171
0 33 0.06468726411982097
28 43 0.20945336644410797
2 26 0.6395851354405432
6 33 0.17344074422796427
12 38 0.2230605788689849
6 10 0.7309640248429224
4 26 0.5056209326977092
20 42 0.7663163765927671
16 27 0.3372557457990605
22 36 0.6397370925973374
31 38 0.713037434471954
26 41 0.9115023673946816
28 49 0.3019396848666746
2 13 0.04605966953390863
11 37 0.4226529166253346
17 49 0.6123866834476914
46 48 0.20714402505706364
43 47 0.9148019722359197
14 29 0.8716116393355331
27 33 0.4066108035537133
13 36 0.3412401155938597
36 43 0.2258973515108886
27 46 0.4312209023687604
20 40 0.48450709476988363
47 49 0.7639002196575938
3 31 0.3116523592627683
3 10 0.40517451683414507
16 29 0.810686179134644
30 31 0.07061288078559992
5 35 1.159046797186881
30 35 0.40198420227013365
6 27 0.3364619646711606
4 12 0.6970163612845447
23 44 0.19979806091847402
5 42 0.8896840069745982
0 8 0.35435457564517475
2 31 0.4650623378881605
0 18 0.3734027469602656
8 27 0.05868103671668156
42 45 0.5193226375138246
36 48 0.4045883824207264
25 39 0.5264446948796001
23 39 0.8176741016159815
17 25 0.2663282778511616
19 39 0.6640822238834143
38 41 0.41520099382291675
9 36 0.9110210962521558
11 48 0.7480981686932314
11 20 0.7761426386344794
29 38 0.32162538240766725
4 18 0.16334393019715024
21 48 0.39789380061786606
3 43 0.4416356832203892
23 31 0.5365525048907348
6 44 0.6466254132726471
4 49 0.23419934678204843
25 38 0.46549695966196125
0 28 0.6588300080820838
23 30 0.5625220829489171
16 49 0.22905208091754972
19 23 0.7214142140170177
5 48 0.3845166054717689
0 49 0.46309441900263854
14 42 0.7600540005068418
3 34 0.5690865862929185
4 20 0.6515904567355245
6 25 0.3836492675128964
5 26 0.16175169381152105
15 21 0.6428394681346012
9 25 0.5916581654942339
1 32 0.9716773954944711
8 30 0.26269796272243595
0 26 0.8139444421539855
38 43 0.906066491988544
7 25 0.43761711688413174
35 39 0.9963756658282703
1 13 0.5090202019303178
27 41 0.468237158060321
24 26 0.36909445449274414
11 30 0.30091804830470403
9 44 0.7598487351336476
23 35 0.5232021972111857
5 41 0.9185462688423806
10 38 0.8405305412000803
8 14 0.6471810133495728
5 23 0.6918680181793639
2 28 0.11819284767009441
2 9 0.7864686871517187
9 38 0.3385328381641405
30 47 0.7629006569509426
26 46 0.4442446670139679
41 42 0.6941138627585809
7 45 0.6486679307340126
16 23 0.1584894414437191
2 41 0.7679799568685052
4 44 0.25072272769091875
10 26 0.5048453580637333
10 45 0.7799078976568972
22 47 0.34711313059601334
29 46 0.4429297551644321
8 19 0.7545733676466275
40 45 0.46720705733166007
33 43 0.9057953145590067
45 48 0.5477766514360055
18 22 0.22093388067810338
20 47 0.4472183934840899
0 12 0.590846133118004
11 26 1.0026564537817944
18 40 0.13797672291601248
18 42 0.3849821141254054
13 35 0.4687191901671842
21 28 0.5875429673908688
25 30 0.5557945634047182
9 20 0.042559922287329466
22 34 0.2954543166960079
1 44 0.6523906779807787
5 49 0.8405555246014986
34 38 0.47301370864169895
0 32 0.023895075602746462
29 42 0.7425286610207112
11 43 0.6714385134132753
18 45 0.39560562771212227
13 44 0.14466577429259272
18 39 0.47383219891623135
2 14 0.6297941833376176
19 30 0.9941638236118978
4 45 0.49949285669599797
18 36 0.447441138884382
30 40 0.5140904130059324
5 34 0.9142438705911335
16 45 0.6100606928540855
9 34 0.19304765087502795
11 31 0.23030519079555015
21 32 0.06900049557776104
15 38 0.9195977794139238
17 19 0.3505371948886738
17 32 0.47162163658924267
5 37 0.6994985378820401
12 41 0.6382543254988713
3 24 0.7224699072343751
5 44 0.8560366742240973
2 11 0.4202605700530114
4 42 0.27399425435744845
28 45 0.6321009431211099
23 41 0.793577612954867
24 38 0.920759898074667
15 40 0.6403839887059286
34 46 0.5335508626825403
1 29 1.068031987463776
21 40 0.3197335016834341
18 27 0.09923233264479765
38 48 0.36542756101073376
27 35 0.5222056814202847
0 19 0.8428806762428341
11 28 0.5218025609233063
12 37 0.6818971554369003
34 48 0.5473749498944284
46 49 0.6216399852433352
14 39 0.7227692499922156
7 17 0.17465993966296545
29 39 0.24500730685975924
19 35 1.1853818694069864
17 39 0.3447716040085645
20 30 0.4774643413574755
31 46 0.7033395481110339
15 49 0.2328929199113919
20 35 0.8755327819272287
19 43 0.7313429984884461
35 47 1.0884854959223684
36 42 0.5393324171646323
13 42 0.1997291674606993
2 44 0.10369753689887988
14 15 0.8815992950272471
10 21 0.7272076070936339
26 33 0.8150461231540356
36 44 0.4859058851552884
12 22 0.4358592981006078
32 36 0.808479275318801
16 20 0.8340066693469487
9 11 0.7339220481345703
5 38 0.5698653562933784
15 44 0.16356332396708095
32 44 0.6397099393663831
4 11 0.49707126253055733
22 31 0.4697599731256652
18 32 0.3636563332735431
23 43 0.1877386122624947
3 16 0.13948488030368425
21 35 0.6937043565711198
47 48 0.36792458001963685
3 37 0.2829808409270856
30 44 0.4272111177662763
0 30 0.31997021077974225
17 24 0.6686768642010869
30 33 0.3844899432587384
35 45 0.584707598195104
13 18 0.3359649900193741
15 42 0.12566529563767362
7 9 0.5017736670108431
18 20 0.4977514285247102
26 38 0.6197597120435925
18 29 0.47751997599445384
8 15 0.37626878635501626
25 31 0.5713683948161988
10 47 0.8519373481073398
0 42 0.6036380851858013
21 27 0.29313587679924985
33 41 0.09877322751737333
9 12 0.5609457390505749
5 16 0.8363790872808856
0 35 0.7130925771109888
6 42 0.6313012573520653
14 27 0.590273833279592
34 47 0.5958689952367751
3 12 0.9605762054946962
1 46 0.7139145554860549
3 5 0.9115344704808128
31 41 0.44428763780202746
23 29 0.8102434537154182
12 49 0.8401700886237167
4 30 0.44439180449183496
18 43 0.5065607351330575
1 36 0.1792336454774605
22 42 0.5641680654646722
12 30 0.8535099797718303
11 34 0.546285525641805
0 27 0.36222502716659044
40 49 0.4244378866282065
32 42 0.6091227406110684
20 43 1.0028671155943272
8 43 0.5265254645147992
2 21 0.6040523762959775
23 25 0.328685753174619
14 24 0.34968708964260403
16 24 0.5919426789069319
30 43 0.7493968872891466
16 37 0.31285948030628974
0 21 0.08134642344621294
29 30 0.4546645867736243
23 40 0.43700027225372806
7 14 0.511078355912558
10 40 0.5020323575438959
7 46 0.12809125841962768
17 45 0.5980586286936717
43 44 0.35716733174645576
13 47 0.8102104812117362
24 37 0.6808451327036426
14 30 0.9049428545339294
3 33 0.6617879143200625
4 9 0.623110452328931
36 41 0.9277689220316898
30 42 0.37445902065671294
1 18 0.6166152155108907
41 44 0.7309810891534199
31 34 0.3160351924245058
27 43 0.5050547141252446
22 29 0.2740120640026384
22 44 0.5768744835277295
13 39 0.8097902497723213
4 15 0.3996536739371972
1 14 0.30752603075993934
10 34 0.8167145248459287
17 29 0.5116718610957768
0 47 0.4952418879662033
8 48 0.35542705591251234
0 9 0.12516456339111118
4 33 0.5532463182997304
33 46 0.4176016390564924
2 42 0.1624756311476183
21 41 0.1881796465696062
33 36 0.8452264067622566
20 37 0.5260235064889613
12 19 0.42547970179731553
29 36 0.9125166052747599
5 46 0.4108997159057529
13 14 0.5837355207444838
29 47 0.44954833674641775
10 18 0.43981685527428316
6 21 0.13879845237892963
39 45 0.4710830100994418
19 28 0.6893250699977795
34 41 0.12850310131493026
9 15 0.8048982530372647
4 38 0.5969291491372458
5 25 0.4375624726449896
15 48 0.6839000671764409
23 32 0.6847145284477896
28 47 0.7644753995851598
30 38 0.6550407895939551
1 15 0.8094039878592519
12 34 0.6913573634326016
5 39 0.6636175796798938
34 37 0.38267791317243594
6 39 0.1958332768528991
28 46 0.6030885688407029
17 42 0.7050084446105117
35 36 0.8098534153227837
20 26 0.8727653954252944
33 47 0.4534474861646919
37 44 0.28396585100875643
2 45 0.6137155865405424
43 46 0.7549025115662946
2 30 0.49974776536474413
19 47 0.47266381369769034
17 23 0.5950134908282062
0 14 0.8213997278498708
34 44 0.6145254797605315
17 44 0.6927825121881044
30 41 0.37367759092909536
5 43 0.7006177504881639
22 45 0.3128245545435757
11 38 0.9146986239144416
7 39 0.2596078094199837
16 39 0.8642596380875551
22 24 0.815440782613171
20 45 0.29639061737903943
5 47 0.47754306227256715
29 34 0.21391930086225636
1 30 0.969456335575357
6 22 0.07343026716142187
44 49 0.1797106512821166
42 47 0.8765743426688155
5 19 0.030728182528125175
11 33 0.6793189250005026
1 42 0.7087424284338785
27 37 0.03163234009071662
14 33 0.8238936142396067
33 39 0.26819268037420363
32 43 0.8606822924144806
2 18 0.3611955502361613
5 36 0.4776923373327878
14 38 0.6342696083823929
36 46 0.6003109972433869
43 45 0.8412555498977743
18 21 0.29466011359072297
12 20 0.5400330494119071
3 17 0.7213245432318773
7 30 0.7669036128554686
29 31 0.5243750787290682
18 46 0.34121965269706805
8 23 0.34157880110529787
4 19 0.6447589627795113
15 29 0.8210362052205293
0 38 0.37191202917659444
22 23 0.5668098995917582
9 10 0.9094290783101502
10 32 0.7951365055349159
45 47 0.6331727285211342
27 34 0.3774624073084323
8 46 0.48015056641406245
20 36 0.930405349341419
27 36 0.49029848004493715
4 6 0.45699421154445485
8 18 0.15687113306279388
1 34 1.0297846540089781
3 4 0.29461971446279506
40 43 0.5680015999788605
33 44 0.6915929530683884
13 29 0.7860365415579511
27 47 0.5761896988613455
2 39 0.8335750802841813
40 41 0.5023836753954228
4 48 0.2928085574483534
1 23 0.4530162060902695
9 18 0.4728120064581463
6 49 0.5001605964355679
3 28 0.2902378730758651
9 47 0.4666287808301046
3 6 0.6380307488997322
30 32 0.3371388061206393
41 45 0.19078420453549536
3 40 0.5343572770884072
29 44 0.7727476962804577
10 11 0.6382260702600133
6 34 0.2890286520455396
4 43 0.3529388278261537
12 42 0.9464770865937447
10 46 0.6914542970663338
6 8 0.3602816418260878
36 37 0.49653802465853963
7 44 0.848538121818326
12 47 0.09576413168086993
19 24 0.5520321720927233
1 7 0.7934610712188449
2 7 0.8107080520127902
3 20 0.7663621576146936
32 39 0.30085242257508465
25 32 0.4947844596239228
14 47 0.5710982709595175
2 33 0.7166476258943123
25 47 0.47838030135569154
33 49 0.5213257832790532
25 42 0.4648883658640871
1 38 0.8897450292661654
15 27 0.41635604075523397
4 14 0.5008263778325155
16 35 0.36718613946024714
6 28 0.6048069708426563
28 37 0.2875611644457859
8 36 0.5331256627784637
5 13 0.7301881809829516
7 33 0.48118366634578463
26 27 0.590560745114305
6 48 0.32095615475813727
21 22 0.13810790708685255
34 43 0.8795609798034645
22 49 0.43646528572128956
5 40 0.4624100321817816
8 41 0.45611825799674555
6 17 0.3053225938977367
31 44 0.38335390817933596
6 16 0.6735873413019355
2 29 0.7969835527122445
7 11 0.997902048496052
16 42 0.11756498345601796
21 31 0.3828984432593151
15 41 0.7604092818135906
36 39 0.8394802186724297
11 23 0.5141184077210349
23 28 0.03890265054163879
9 24 1.0889902417997521
19 29 0.8591582610334775
26 37 0.61220806705014
20 46 0.4492061985226845
40 48 0.08056978607608886
25 28 0.28992367131232527
9 17 0.5211552567061606
4 10 0.28767987370601716
32 33 0.05263812978728427
23 38 0.7733395840765841
25 35 0.7262707009477549
26 49 0.7375947416586659
9 40 0.47035960475914546
4 41 0.6204857788391066
1 31 0.9603651775434879
27 29 0.48576599541309984
28 41 0.7650270572994202
42 44 0.0615180510781023
7 41 0.5746548095637486
6 14 0.6552903649816837
2 35 0.42598048466743266
33 48 0.4834222211067761
22 38 0.2527587896994008
34 35 0.6470610943292548
34 49 0.4354825268716391
14 22 0.6105602178386691
7 31 0.8169976736251384
35 48 0.8100635133476968
22 32 0.19331271144437906
5 9 0.8625400209546079
14 37 0.6111650335871915
22 28 0.5314364279965538
14 40 0.42321929903675576
9 22 0.2748633204350084
23 24 0.4423000344269899
25 37 0.2651769144065261
0 16 0.6763994278662114
7 12 0.09263657132458863
16 18 0.39736012645430246
6 20 0.23069874446553887
45 46 0.5571486729412741
4 47 0.6384308347103574
19 46 0.416377072436044
6 38 0.2033838982942193
3 15 0.10656312553164073
26 47 0.5544426284122571
11 24 0.9561573667777014
36 49 0.562895798813852
13 28 0.07218489500577402
10 14 0.4904821933856543
18 48 0.1985568466763712
2 47 0.8432959228889833
31 48 0.6176268521918092
2 49 0.2436401889277629
3 14 0.7834314388097234
14 26 0.019420407785447902
1 22 0.794041776818703
11 36 0.7958290876694316
12 32 0.5669775363078429
41 48 0.5777920418027104
7 26 0.49428002721734005
2 16 0.06241755696415646
2 8 0.31245244387990617
13 31 0.4853321770420252
10 30 0.6949809726794051
1 26 0.3269463761156124
9 33 0.07014768473706823
39 43 0.9620740206130468
7 34 0.6161659848596774
19 32 0.8213723353468861
15 46 0.8453633920455408
19 36 0.5083858358009264
12 45 0.7278302061943713
4 34 0.5320257418760652
19 33 0.8290869976236808
18 24 0.6307963118214851
20 34 0.23551171484767763
22 37 0.29318684118116706
23 46 0.6419787074874884
0 43 0.8661009277776163
3 18 0.39920852218263836
14 18 0.5052272200585163
26 42 0.767373959628347
15 34 0.6344402380387105
9 41 0.08348613344253313
14 43 0.5263465296710765
9 14 0.8774034124571778
1 49 0.74096333388887
43 48 0.5478566549323103
21 49 0.41680603983560305
1 43 0.3354230737467412
4 27 0.15457809095354097
0 13 0.6594978876293117
7 8 0.605021646899417
24 39 0.998131651852366
14 45 0.8873459074984611
12 33 0.5491448351222933
12 27 0.6503096961278886
1 48 0.5392072488168759
15 35 0.16436621203528662
19 22 0.632420762918999
11 12 1.0894175816521352
13 45 0.6165703364014707
6 43 0.7979001868533291
19 31 1.021045412731047
6 7 0.3285543763618819
0 44 0.6362171687189707
25 27 0.24213846795105848
1 40 0.6001026789819558
7 47 0.060583999595418894
38 46 0.17749319183641682
13 20 0.8084750413908359
8 13 0.3072651548003959
17 34 0.5814391332768112
19 44 0.884030434625781
3 9 0.7278327732782578
5 28 0.6600655550569838
1 6 0.8554062777214196
7 20 0.48627397272232
10 41 0.9081383640730156
11 46 0.8756680599127953
1 8 0.711266914455376
39 49 0.69599336785821
22 40 0.19563592020973247
2 15 0.2629061221299484
3 11 0.2336915776889275
15 26 0.8895832369458951
22 41 0.30943519533131164
5 24 0.5237045759248187
36 38 0.7687174615278638
11 49 0.27022157526516205
2 24 0.5363284462575482
29 49 0.6022063182458361
11 35 0.10174254827160309
15 39 0.9285830669910233
39 42 0.826491651866549
8 39 0.5556315296585648
24 36 0.18495286539488007
0 15 0.6799841421552593
13 25 0.34447075621752865
36 40 0.4522722265087492
20 23 0.8321193526068412
20 38 0.3199966557827745
16 30 0.4807809632445661
14 19 0.21004337845627188
37 48 0.32646268617995644
27 32 0.35870324248402047
22 30 0.4180686805806054
11 22 0.6631644725243623
11 16 0.36877760131083887
8 16 0.3247758924270393
21 42 0.5558132122843515
17 38 0.25776864765911445
8 45 0.31507282280283017
12 16 0.94732257181503
24 42 0.6978158178008883
4 7 0.6065690621943747
39 44 0.8398607768883638
10 20 0.936480583943214
3 14 26 48
5 0 21 30 31 34
5 1 10 24 36 43
5 2 13 16 23 28
4 8 22 27 37
2 17 46
8 6 9 20 29 32 33 38 41
6 3 11 15 35 42 49
4 5 12 19 47
2 4 25
