50 900 10
0.7762830743618304 0.2934215428499244
0.6583796169613577 0.20757487220319337
0.7005641752196491 0.047982711751914486
0.5205979716272168 0.03849811106423828
0.1063984380965376 0.8688179660549051
0.7825670042011494 0.519352644864955
0.34890629789662353 0.3621605922341773
0.20495108857831268 0.08250043915655125
0.7782217117442511 0.016349838312768594
0.18960036718795348 0.33084214815786783
0.28938236416698515 0.018917673423550663
0.39061290214975597 0.8559180236616645
0.6250600565081884 0.39850878511087995
0.879359742916137 0.45790269895277924
0.6942171456159644 0.9304219772284961
0.7647689901315894 0.8363501759957317
0.22774274139235628 0.17501899048648084
0.0054441483396606705 0.15811472022801065
0.8047075686669791 0.3973042592033479
0.9998821543658544 0.20974296414961546
0.429924903602934 0.7825321216482966
0.8146615766288012 0.5893754195651675
0.434588477214787 0.9463490028998247
0.07887585991202906 0.6953273860173438
0.1473535483451638 0.45067906802961977
0.07055037577277845 0.4320234944393262
0.5828903412563529 0.85567360991526
0.2404329569262894 0.21565224810265726
0.682554798372142 0.9035541934518814
0.5148795189848288 0.7108465755684072
0.818929208648588 0.9066851014699825
0.07839857370879721 0.28643326517538237
0.6587983382343472 0.7518783188369816
0.6374006179970407 0.3340411062994275
0.7239389560092475 0.2695362561767727
0.5198356911565958 0.03621948689116161
0.3759432497089359 0.6262007806886523
0.2708891636687494 0.4438432305032731
0.21329884837188662 0.9578894255593581
0.32839963918633897 0.07712020421768662
0.7086132438046838 0.8775538246852925
0.16096025327696672 0.7889205132834
0.6807387007858319 0.3255530696425253
0.9096463301548923 0.8936117080610455
0.8362704800754818 0.5310650784809416
0.6868209697924564 0.5908261863868739
0.8106490038448302 0.9012828047255782
0.4625972536138795 0.38091323178840875
0.08841854406434235 0.8170149686671718
0.9956410080028499 0.1917744704869735
15 42 0.5176627989206299
18 25 0.7349776929769118
22 46 0.37875121373686166
4 19 1.1102670892064155
27 28 0.8177290560440655
35 43 0.9418459296503262
7 32 0.8087299127804137
20 26 0.16955265383475518
18 21 0.19232891856722908
10 49 0.7271043558416496
29 45 0.209687282220736
28 30 0.1364103455140637
20 32 0.23091709487773907
3 36 0.6052432704763583
11 13 0.6303091884640725
12 25 0.5555215763322399
4 37 0.4556980630378543
18 29 0.4269766768034596
7 8 0.57707461335347
3 49 0.49915882118506993
26 27 0.7258818110812857
2 17 0.7037903885821507
6 22 0.590438426094343
6 41 0.466312927015875
3 14 0.9086648450391002
28 31 0.863622014492633
7 41 0.7077884674956866
10 35 0.231101901052
17 45 0.8071639150497675
41 49 1.026292043590518
3 6 0.36638153958065844
9 13 0.7013646554918773
40 47 0.5542343781673329
33 45 0.2614975115122492
2 32 0.7051336120287687
10 40 0.9555158662708723
24 43 0.8816346231883267
21 36 0.44026114704484304
23 34 0.7729194551810942
7 19 0.8050503459540449
7 25 0.3744728531907773
44 45 0.1609551059829435
4 13 0.8753973586240874
13 19 0.2758784254689582
9 15 0.7657397149341315
19 46 0.716963413543495
40 46 0.10475858351811848
2 18 0.36451528076692397
16 33 0.4394401087541795
30 35 0.9204169263816354
22 40 0.2825284928112856
14 19 0.7828213956365907
18 40 0.4897690929574231
13 43 0.4367603667741362
1 3 0.2181071593236276
36 37 0.21045340839091198
19 25 0.9555449695586519
0 6 0.43286945603962657
0 39 0.49737897080465376
46 48 0.7271299094582077
3 44 0.5850396140263561
3 33 0.31778691010106325
12 45 0.20199107218701165
16 44 0.705035336364751
3 15 0.8343784535766193
24 40 0.7051485684713208
36 38 0.36941921772215963
8 24 0.7659220060665256
0 15 0.5430507110990977
8 27 0.573531337728559
7 36 0.5699547179822659
0 44 0.24509781490552865
30 40 0.1140975170043052
25 49 0.9557783589043495
39 47 0.33211323869823134
12 30 0.5439011092652267
14 34 0.6615537183805338
38 44 0.7551640068000833
12 23 0.6216256578162317
31 33 0.5610256607811516
18 46 0.5040135662843565
14 48 0.6163222332779577
4 15 0.659170646478031
13 18 0.09615153675418871
8 31 0.7501316431104895
3 22 0.9119160459909407
31 40 0.864056737882054
17 20 0.7550370870264198
21 29 0.32345714372389034
2 23 0.897525202258879
18 41 0.753507728249379
1 6 0.34593421347192665
1 33 0.12819448804074343
13 21 0.1465296181192282
3 34 0.30777618560651143
3 21 0.6244511292389148
17 30 1.1054933554836819
27 47 0.27689017218289597
45 48 0.6397240251442298
7 37 0.36730973660505195
3 12 0.37485999067011216
9 44 0.6769574999430371
23 24 0.25405116277507567
8 33 0.3475029815686935
26 44 0.41179144409269347
39 41 0.7312288478580099
10 27 0.20273267458252617
19 21 0.4224067513926462
19 41 1.01942954123726
0 20 0.5993272401150539
32 43 0.28811988593554216
16 25 0.30126525664458415
12 40 0.4862769633123224
31 49 0.9221138599335453
4 36 0.36265342146766794
8 39 0.4539085087685769
5 43 0.395245495191625
2 37 0.5842312605958025
9 11 0.5622372401823348
39 43 1.0022505133998598
20 36 0.16538895707807086
30 39 0.9637412397889963
11 35 0.8298218003778942
7 16 0.09528453063422582
13 47 0.4238140518478216
16 26 0.7677372783959977
31 32 0.7439778119267825
21 31 0.7961514669804397
24 28 0.7010964678677744
33 46 0.593108883454167
23 29 0.4362797680035048
9 49 0.8179494688659348
2 31 0.6662947561937721
17 19 0.9957772960857165
7 39 0.12356573786944262
9 35 0.4425583370907732
0 41 0.7900262045327797
10 43 1.0722952213515953
43 49 0.7070859867539296
22 23 0.4353657293020126
10 33 0.46948853334921636
4 40 0.6022781645054969
7 43 1.0744751621347666
11 15 0.3746674243060725
15 47 0.5465625019144952
2 38 1.0321616765700603
9 36 0.34922828017885893
0 34 0.05753619422214025
22 38 0.2215903454318109
12 43 0.5710658906482808
20 22 0.16388324960718362
13 33 0.2718196318631892
24 36 0.2882032671298826
3 5 0.547584565801874
15 31 0.8794958540815261
27 48 0.620278569194936
22 30 0.38638196504974887
14 23 0.6587217657771078
23 30 0.7696434517733217
13 16 0.7103716697549872
25 30 0.8862135852521581
0 27 0.5414641369113659
1 48 0.8344296589862684
37 41 0.3621639082388528
16 22 0.7985832119932725
36 41 0.26962084513363255
3 43 0.9394561666421147
35 41 0.8338767385202831
10 31 0.3407033191303502
1 23 0.7574477666257327
28 36 0.4134435358607747
5 19 0.37826449593341793
16 18 0.6183034470230335
7 20 0.735294209102014
27 45 0.5831104029240899
4 35 0.9295970039342991
0 24 0.6482918154050624
3 31 0.506963655663332
31 46 0.956154092560134
21 46 0.3119331942226596
30 45 0.342373248095039
1 12 0.193819380370056
6 10 0.3483658995945051
6 49 0.6688028227663498
11 12 0.5139928790346955
12 38 0.6945890824324957
9 27 0.12590736775199207
6 29 0.3861722738521671
23 32 0.5826732264882871
1 2 0.16507330078772256
24 47 0.3228712833591497
0 25 0.7192142537812891
29 44 0.36825743246509507
41 46 0.6593335704729196
2 28 0.8557610051601512
25 35 0.5987638157159496
0 35 0.3632053936028855
20 33 0.49415621306627766
11 45 0.3975083666117566
9 41 0.45897281479507546
22 26 0.1738259755361906
7 44 0.7744510376599519
6 16 0.22294076910573396
3 19 0.5089578838486306
8 25 0.8207212121989224
25 48 0.3854058985877429
0 38 0.870901145863211
27 31 0.176819381637089
8 47 0.48220873740794573
19 44 0.36057825935912
6 47 0.11522714481472662
22 36 0.32547526310641073
11 16 0.7001072650987425
22 31 0.749906679698215
6 32 0.49790860917756335
6 28 0.6359468164155211
38 47 0.6285310040360881
38 42 0.7863518821996616
33 47 0.180978485869252
40 45 0.2875545892014467
22 44 0.5777622082681835
3 10 0.23204320863021347
1 10 0.41442793248184384
20 35 0.7517090517724636
14 31 0.891040950101403
35 49 0.500587707061068
1 20 0.6186819819140995
4 9 0.5443716943840111
28 39 0.8991212461839986
42 45 0.26534283571170664
5 23 0.7253608316380076
5 42 0.21892299726807182
0 14 0.6422650310108831
6 25 0.28698927590755424
25 37 0.20068715976924928
24 37 0.1237246011432792
32 45 0.16347188518570582
13 20 0.5544149500763029
20 42 0.5212843895892119
28 40 0.036811163447511015
1 44 0.3691762082489988
6 43 0.7725734089978942
19 32 0.6405067622038257
7 21 0.7928865776408376
12 33 0.06563818301260889
42 43 0.6124453603916566
4 34 0.8605201096188027
29 47 0.3340500660232969
39 46 0.9548866120066031
2 4 1.0133130996280004
9 23 0.3809322841778772
8 44 0.5179782215172303
5 31 0.7416903774062583
16 35 0.3233938674438363
11 41 0.23922584628583568
1 42 0.12007823991258301
23 47 0.4960830256761332
6 42 0.33384555458703385
13 32 0.3675173442458265
17 47 0.5085549512249289
11 28 0.29580276442623854
11 29 0.19101810676349354
43 46 0.0992940901593721
3 29 0.672372782332641
15 48 0.6766267628004397
14 22 0.26011673456835427
4 39 0.8222346863173406
26 48 0.49598069394024313
6 33 0.28986148108956555
17 18 0.8342863121426349
9 31 0.11974133689220698
23 38 0.2949718027794204
3 45 0.5767983945094233
4 7 0.7924694808158396
16 41 0.6175232630527034
27 32 0.6801235117331331
1 14 0.7237349416074442
4 22 0.33722361045852994
25 31 0.1458016085918487
3 47 0.3472926693591601
27 42 0.45381421160078594
17 33 0.6559870980880403
21 34 0.33245704132875237
30 42 0.5973366344694382
26 34 0.6028695623194681
16 38 0.7830036680353311
32 37 0.49533740355127537
22 35 0.9141131348990692
23 48 0.12206117561284399
2 19 0.3402317326410576
13 15 0.39541564650871536
29 49 0.707507921931971
14 37 0.644953841033752
22 34 0.7360701010809946
0 37 0.5273041713111395
21 45 0.12784883840166814
16 47 0.31232848174975353
5 13 0.11465134155585442
27 33 0.4142453930716887
3 30 0.9180142576738585
11 47 0.48042824558748154
15 37 0.6308557562920266
8 41 0.9888767142236367
14 24 0.727470310697668
24 44 0.6935909814155571
6 45 0.40801259714826715
1 40 0.6718595195685222
6 39 0.2857770911953085
25 39 0.43868278750489065
2 40 0.829610160809648
0 19 0.23874390696298345
4 46 0.704998457520797
31 38 0.6848733163306687
23 28 0.6385817598982206
37 45 0.44113859122231597
9 17 0.25248421198119364
5 10 0.7026138696376463
12 28 0.508307495349352
3 11 0.8276904202646326
12 34 0.16251446085256438
42 46 0.5902045532691891
9 45 0.5610882531191028
2 36 0.6631100063521602
17 44 0.9106944400986482
6 37 0.11295453345364272
3 38 0.9693880236120925
6 30 0.7193250154069741
0 40 0.5880388836206556
8 22 0.9914546111677549
39 40 0.886146921177157
48 49 1.1018068250103006
41 43 0.7559702956960875
25 42 0.6194075744924717
6 9 0.1623552416718244
5 32 0.2634138791547383
10 48 0.8230101759185188
21 41 0.6834790886186335
47 48 0.5746254707101233
19 42 0.3395062952247909
11 14 0.312612181061099
31 35 0.5074186274703429
31 45 0.6803182068266631
31 41 0.5092247690797115
25 45 0.6364021841753488
5 37 0.5172193771980554
1 5 0.33560078467633997
15 27 0.8125233494541715
8 9 0.6673683392392612
18 44 0.13743425391944356
17 37 0.39000235607901257
1 32 0.5443036076905293
18 43 0.5072802257670342
18 30 0.5095793338745523
11 46 0.42247874513183686
0 32 0.47327083015055044
5 12 0.19852374420158342
26 47 0.4897630483955589
16 30 0.9406576088187589
8 38 1.09801395069157
12 47 0.1634128692025172
2 45 0.5430174156039287
16 17 0.222940392989201
6 15 0.6307119311863936
30 33 0.6007277040630236
8 11 0.9247244601097667
6 12 0.27853561625166795
23 40 0.6555727630260187
25 33 0.5752562433344836
28 47 0.5670404714873556
21 37 0.562910343793347
31 34 0.6457614839038563
36 49 0.756803495386978
20 39 0.7126804000167181
2 48 0.9829205898335345
16 37 0.27226473472680734
29 40 0.25558572542435654
13 28 0.487172906416447
1 11 0.701461228867355
1 29 0.5233303789456496
7 22 0.8938499154450346
11 48 0.30468816476286
34 39 0.4398582592202344
35 44 0.5873696750377732
12 22 0.5800071781845125
33 41 0.658718981078189
36 40 0.416950449931454
37 47 0.2017725860682341
7 10 0.1056948834891642
4 44 0.8042326844434166
7 14 0.9789546512967101
8 18 0.3818740255804365
28 43 0.2273090777403817
5 36 0.4204276416297378
34 41 0.7659667266013093
0 5 0.22601847409437942
4 26 0.47667316672452686
24 39 0.41511915366715313
12 41 0.6064733669782312
3 26 0.8195462984093267
34 36 0.49830773087394287
16 23 0.5411858967689187
28 32 0.15352504791881166
10 17 0.31622259287768695
3 28 0.8800863817859826
9 21 0.6764177466419815
13 27 0.683310119047277
27 41 0.5787507360588593
9 28 0.7556475091264306
23 43 0.854105524274301
14 30 0.1269509272775437
18 32 0.38342178770972124
24 27 0.25278722749932003
25 29 0.5245671530680022
27 36 0.43233451985534577
9 32 0.6304111301794919
10 47 0.40130310514869577
13 17 0.9239054597911187
0 36 0.5205900463316937
0 31 0.6979194883914548
12 19 0.41967146699007535
8 19 0.2941670493854666
25 43 0.957677241880019
0 42 0.10080259091934889
15 36 0.44198215434919524
19 47 0.5638921218633894
2 41 0.9166030865725008
21 30 0.31733837920048563
11 23 0.35066983959578824
24 29 0.45029154008661204
4 31 0.5830574004540746
4 20 0.3348352144384204
1 41 0.7651070368067078
22 24 0.5728809550831401
39 49 0.6770204169992806
4 48 0.054834543198265764
7 27 0.13779828448527023
10 13 0.7353782428618743
9 33 0.4478116768887038
6 13 0.5390244969683532
11 22 0.10055651748282031
4 33 0.7536243127640031
17 36 0.5969708067510537
7 45 0.700423905730379
25 36 0.3618972588265052
27 30 0.9012126928143745
13 26 0.49610059839555953
14 46 0.12002278527338679
17 39 0.33295699525879546
6 40 0.628505585489034
30 41 0.6684247485421062
12 15 0.45959076329509646
4 8 1.0853793898130342
36 48 0.3450804408973536
7 38 0.8754287878570733
13 45 0.23396545186760817
3 42 0.32870290899204857
35 45 0.5792000297018495
6 27 0.18229415953734301
27 37 0.2302144760394047
32 46 0.2130265829655599
22 25 0.630122581689192
4 24 0.4201398089889568
43 44 0.3698973830601795
2 26 0.8162179354654816
18 33 0.1788682259592743
7 13 0.7718509504469563
14 36 0.4402826469893769
20 31 0.6080171346290947
11 31 0.6494541377433959
45 47 0.3071477224483169
39 48 0.7778400789852064
3 17 0.5288587664354495
24 46 0.8018756691725161
2 24 0.684256058099745
18 24 0.6595173828266353
0 26 0.5945823207405759
35 42 0.3310644961566949
33 35 0.32018624113156574
26 38 0.38346570196088814
32 38 0.4908262131963726
7 35 0.31826755958387365
15 19 0.6692643707338768
25 40 0.7782168712705864
33 49 0.3854555391960371
23 45 0.6168612140114924
25 44 0.7720987718568235
1 25 0.6292220600233586
31 47 0.3956451563358339
7 18 0.6773546194752073
12 21 0.2690330994133506
5 17 0.8569788628072008
19 49 0.018462234073286753
22 28 0.25163205706745373
34 42 0.0707399847485506
15 49 0.6846749073597345
2 35 0.18111090086147202
5 16 0.6529897611287295
5 14 0.42045652988368437
12 16 0.4558604360899392
26 49 0.7817449585595658
21 27 0.685133210823595
9 26 0.6558392081548062
2 49 0.3282474784754431
10 20 0.7764401013141248
28 41 0.53404283545612
17 32 0.8828515778351519
5 26 0.391129852168226
15 46 0.07950611254548452
8 42 0.3242060697924737
23 33 0.6651899588135206
1 7 0.4703626730019643
10 37 0.42532778832822626
0 10 0.5589496184078636
43 47 0.6802298173473843
5 48 0.7552780572223956
37 46 0.7075250166118453
36 45 0.3128838742510441
27 34 0.4864992677027796
14 41 0.5517114984533589
38 48 0.1882570131724534
2 33 0.2929488693477317
17 38 0.826343243218779
16 19 0.7729198065866965
14 44 0.4238691807720065
14 42 0.605019060723945
33 36 0.39206789051305835
14 20 0.3028560690688012
19 24 0.8859205552624106
15 22 0.34802142610804776
23 35 0.7930124812774174
8 43 0.8870517563471849
11 40 0.3187355097546944
11 24 0.47264545314133516
5 6 0.4612710153508645
17 24 0.3251648434479084
14 40 0.054793149173876565
37 39 0.37120510880417346
12 29 0.3312018209443099
11 30 0.43131444979503897
35 48 0.89205512114838
27 40 0.8107443975163281
36 47 0.2601439948148858
5 46 0.382961154316138
36 42 0.42812301170860223
16 45 0.6193936098746275
11 18 0.617900459450095
8 10 0.48884609184990246
26 41 0.4271779196684152
18 38 0.8148742253743669
4 5 0.7611372678448755
1 28 0.69639906303931
8 21 0.5741830548896875
35 47 0.34941381842110925
10 24 0.45452182169388367
1 26 0.6524803480339009
18 36 0.48603750756461894
4 42 0.7905716191591761
34 45 0.32342690697466964
15 33 0.5182056577454278
23 42 0.7063794478006483
6 44 0.5158028417381497
7 42 0.5342737436149039
5 39 0.6339065601532579
22 43 0.4779761352902203
5 30 0.38903552775031075
8 23 0.9747282343103923
32 33 0.4183847494980036
25 41 0.3681703790503922
24 41 0.3385150184356185
32 47 0.41965457392384414
1 18 0.23960198192380855
8 20 0.8416329115824028
13 42 0.23867706792964025
27 43 0.9526151207361108
0 48 0.8644695990030102
13 31 0.8191096149465772
0 1 0.14584538432227942
33 48 0.7311942759826991
24 38 0.5114793538170035
32 41 0.4992142656249301
9 37 0.13920169914382985
14 26 0.1340931608431902
11 32 0.2876589791887079
27 46 0.8917598333287186
6 24 0.22013412140988453
25 32 0.6695840305970882
39 44 0.68117452968775
13 38 0.8328408263430948
4 29 0.4379631875579319
5 40 0.36575571615691754
1 31 0.5853175690806527
0 18 0.10770130284016657
26 29 0.16000106819566332
14 39 0.9284106655105703
31 48 0.5306763080128745
4 49 1.1176494276043927
15 35 0.8367804016548952
44 48 0.8006558923115014
41 47 0.5074000608249705
24 42 0.5478651625322803
16 28 0.8588466388907982
5 29 0.329129936708432
21 26 0.35303347111825667
32 49 0.6535895540117372
10 21 0.7754613408658609
19 31 0.9246693418146694
12 13 0.2611435764261491
15 16 0.8519132166846596
38 41 0.17688929264438366
2 14 0.8824620909929439
9 24 0.12706565651931362
10 11 0.8430997616646599
24 34 0.6043702926328474
30 34 0.6441908095859148
19 23 1.0411747332624732
37 43 0.7812185360973218
14 28 0.0292897276925275
28 37 0.6170921845647405
13 23 0.8349520519030066
33 42 0.04416147853160072
9 18 0.6186873859357247
24 45 0.5573744823606773
12 31 0.558031987385348
19 37 0.7656590071254715
6 46 0.7098303223292136
9 43 0.9138795141256874
11 20 0.08325217157870604
37 48 0.4153945993667727
31 39 0.32605596180316376
16 36 0.4748983032980101
3 32 0.7266434216121603
7 48 0.7437011684763637
7 33 0.5002852213699327
23 39 0.6666650103702825
2 39 0.37330340923715377
18 28 0.5207785471938603
17 49 0.9907687922388035
34 46 0.6376694551246573
36 39 0.551135078142566
15 43 0.15578294741946141
23 41 0.1244890401020508
29 38 0.38984749661759194
30 49 0.7364266903932427
18 47 0.3425027495443626
33 43 0.6222836862269451
1 15 0.6377123813938017
29 41 0.3624284569256625
0 8 0.27707848666041446
11 43 0.520400339383405
7 40 0.941161756792097
7 11 0.7953898849245955
6 36 0.2654208316661975
11 44 0.5514889960418196
3 27 0.3314755250877473
8 15 0.8201106812613534
17 29 0.7516893645465638
15 25 0.8033800781328115
17 43 1.1655631277244887
25 38 0.5448964157912185
34 37 0.48542459315389835
12 20 0.43075706715582385
44 49 0.37485608150964367
28 29 0.25544319389628806
34 49 0.2826108638591243
17 22 0.8974843393535242
6 17 0.39950089619554857
17 40 1.0060016907736262
7 12 0.5256927045792971
29 30 0.36166136372569613
5 24 0.638914857125629
1 21 0.4125478261770379
14 43 0.21855143437481167
0 43 0.6148284251820816
2 9 0.5840320829219445
4 6 0.5617043319324989
20 27 0.5977122960810027
15 40 0.06965061744783399
20 28 0.28012176922676524
37 49 0.7673355821554446
11 26 0.19227759444997877
9 30 0.8530239724494281
12 24 0.48054682015505135
7 9 0.2488156929875988
23 25 0.2634354816767881
7 46 1.018466752881515
35 39 0.19575655971584496
41 42 0.6963325515305206
10 15 0.9456153236953329
3 8 0.25857404637310905
46 49 0.7332285577883887
13 14 0.5074960587800246
14 32 0.18202288281466675
27 44 0.6741717938031854
19 27 0.7594721871987393
20 30 0.4083360279753137
31 36 0.4516356925820717
14 33 0.5990811806598386
26 35 0.8218764801601253
5 18 0.12404036858003104
8 26 0.8617532929288474
8 17 0.7856732426689726
17 41 0.6496931640760196
9 47 0.27755074025155574
20 49 0.8179421209248611
5 35 0.5499503533845993
2 21 0.5532849908335554
13 35 0.5541428291769195
13 44 0.08490829376671018
4 17 0.7178376364117437
10 18 0.6393250149110798
40 49 0.7434233383915665
45 46 0.3342404731440819
8 49 0.2793652662000762
14 47 0.5963284629180433
15 39 0.8756987841092794
5 25 0.7173521169360044
34 43 0.6511201106221722
2 30 0.8668218243942376
10 28 0.9680735176558873
14 16 0.8878243306952831
0 12 0.1841513769016558
2 44 0.5017816001231437
38 40 0.5017869658438275
4 11 0.28450706509822754
11 21 0.5008614959507042
5 27 0.6214042614982594
10 23 0.7084088421419228
22 27 0.7560516606222151
2 27 0.48972830372381426
0 4 0.8830778390047895
47 49 0.5656050876006424
36 46 0.5144309600200094
3 37 0.4760873392824936
22 49 0.9402992434697389
6 35 0.3680413857604184
16 49 0.7680810464875746
12 26 0.4591056108596805
3 46 0.9102346010270074
22 42 0.6678154859786322
35 46 0.9126373467590473
4 32 0.5646419491710781
8 35 0.2591488733715682
23 31 0.40889439940067696
13 48 0.8686481464324534
20 40 0.2944423797833072
12 14 0.5363901070327572
20 34 0.5912774484142451
21 38 0.7052940546683248
30 47 0.6351444883861587
1 34 0.09020665186291696
29 36 0.16269049606885144
6 19 0.6685811088093743
6 26 0.5461717963861338
3 41 0.8321496681562464
3 18 0.4576681276564065
8 14 0.9179240939600478
20 37 0.37416912160339894
28 49 0.7775945914709828
20 44 0.47786232464815587
29 48 0.43947774781359017
13 46 0.44867257979379976
4 43 0.8036304534665528
1 45 0.38430519170885685
38 43 0.6993078294659129
14 29 0.2835054520461255
5 11 0.5166277889539883
34 35 0.3099917056203065
8 32 0.7451604443358113
12 48 0.6805376834186857
13 30 0.45283274426765396
16 32 0.7201219426415195
32 36 0.3095187307736691
6 21 0.5182224979928411
18 22 0.6621467151909206
27 39 0.16410138442678646
6 23 0.42885492875552556
7 31 0.2400086176532538
41 48 0.07779201757763902
29 32 0.14965370189151272
1 36 0.504993022528055
25 47 0.3953644057995117
15 30 0.0887712285105791
26 46 0.2322804491026686
26 42 0.5390752161634462
11 33 0.5772864917600543
7 47 0.39424832423724837
29 31 0.6088039697865185
5 33 0.23540103230250167
2 5 0.4784496606791163
31 37 0.2486574439015615
4 21 0.7613966181907046
9 10 0.3274955341060442
9 12 0.4406857324436613
13 40 0.4530578707928858
15 29 0.27963530090142275
12 36 0.33749493074718084
26 30 0.2414881346783868
6 38 0.6109682669513902
21 44 0.062185533571134675
29 37 0.36169335045482626
2 22 0.9369125172608301
19 48 1.0952375086594859
14 38 0.48170205453366266
21 23 0.7433750332903959
13 22 0.6606067443139757
14 49 0.7977822284506567
41 45 0.561934921074293
9 20 0.5116441292098048
15 18 0.44085871558526807
8 30 0.891265381985322
13 29 0.44365125758230267
38 39 0.8882581906793354
15 32 0.1355185364272163
0 30 0.6147445689885691
5 34 0.25660373358935556
7 34 0.5516618560213596
42 47 0.22505652296054918
12 18 0.17965155025076954
16 42 0.47735295978361086
1 43 0.7306035185467802
30 37 0.7173356874026745
6 18 0.45715410504983
32 39 0.7513067373431453
17 26 0.9055564644436535
20 29 0.1111580145174319
1 47 0.261489809938394
11 27 0.6576429725158632
9 46 0.8432697977271365
15 38 0.5647044416656878
33 38 0.7543533896275852
20 47 0.4029456726998398
15 24 0.7279725484358153
11 38 0.20454447064665937
2 20 0.7828208293858494
32 40 0.1351882302096243
35 37 0.47763112325790646
20 23 0.3617182563719493
11 37 0.429114680140868
8 37 0.6634281533846192
21 28 0.34082327212547125
28 34 0.6353671326799305
37 42 0.42657848660187775
8 28 0.8923473124809396
16 20 0.6402732473328695
24 31 0.1781332991956725
12 32 0.35497647671308613
1 8 0.2256748574129296
42 48 0.7696609423970283
5 9 0.6222102859801436
26 36 0.3090062751032717
7 15 0.9389811013178145
7 49 0.7982050880586914
11 19 0.8881166754606985
0 47 0.3256587013602187
19 28 0.7629355626577397
45 49 0.5045910105847345
4 27 0.6667763548192142
28 45 0.31275710482967267
2 10 0.4122077852170891
21 49 0.43685245711607784
0 17 0.7826241665825623
23 37 0.31640699943932316
38 45 0.5991315556924315
39 45 0.6263862118133422
7 28 0.949860290280252
19 45 0.4931852872473294
22 47 0.5661290513723315
19 43 0.6897963198437845
7 30 1.0277399912028986
0 45 0.3105688170942498
20 48 0.34324285913013397
10 38 0.9420491774237326
18 45 0.22660094107268963
4 47 0.6040932261626659
12 46 0.5359337386030514
30 48 0.7359935895021029
22 32 0.296797757299951
33 37 0.38260574046074625
9 19 0.8192811403905729
2 42 0.2782774748628565
13 36 0.5308035511834963
24 25 0.07903643301140596
18 27 0.5927927889170309
17 42 0.6957430081704967
5 49 0.39077869878602434
19 30 0.7200502144548235
4 10 0.8693754221364997
30 46 0.009886688106073483
19 20 0.80804621566175
7 23 0.625661114407773
24 35 0.5572429372462806
10 25 0.4674867468727645
22 45 0.4359102010428815
29 35 0.6746452937801704
9 42 0.4911668118682718
2 25 0.7378378617695364
15 34 0.5682825981736243
24 33 0.5037365825418731
14 25 0.7983491012415432
29 46 0.35177485065017533
3 0 28 34
6 1 9 23 35 42 43
5 21 22 36 38 44
5 7 27 31 32 37
5 15 17 30 40 49
3 5 29 47
2 6 20
7 8 10 18 25 26 33 41
5 4 12 19 39 45
2 2 3
