50 900 10
0.744016707037641 0.7770911155264364
0.4323594904643979 0.719264704478471
0.24877426307548878 0.11099386795883459
0.19222515736375823 0.10795987258734752
0.31450674044551663 0.8201900889846043
0.057808871316848975 0.9571904335425392
0.5645965175888465 0.47801509487422833
0.12605241870056116 0.05806791695438562
0.48993659926104627 0.5222807362584622
0.7620004199987639 0.3618049258962718
0.9814120184776631 0.8982513746928734
0.5781253728112572 0.4226940705926002
0.715903612107988 0.8977563682419681
0.8374003280776356 0.7089457215982163
0.49600162004710713 0.1392860444041627
0.9844576170313566 0.13005554083300208
0.42066382231404 0.8056111336127605
0.0629579089981257 0.9826552199125064
0.22254518122438993 0.8451190762173176
0.23206065328821202 0.6783855975077705
0.18273762062133314 0.868443873227344
0.205473592269654 0.32672864076737007
0.11284134210915409 0.32888524662251195
0.831216209247297 0.5857409262791516
0.9259800085940816 0.971697697502189
0.9324056524300974 0.6574558530573914
0.4576423190556137 0.6218394410610447
0.9652904589555056 0.12051129008573647
0.5896383518972763 0.4736309921198001
0.6255245052740035 0.30098808161786617
0.16413902643008127 0.6293543373433859
0.4153241504845575 0.922946033844549
0.35307940476070643 0.10079198920966781
0.17443177782400066 0.8455759703754372
0.07597193058493323 0.2513132318291831
0.5880118769588402 0.9344937577043794
0.9291905675483928 0.30144664482533945
0.30439005076596826 0.8207840624535744
0.38832536177613586 0.6763880948448181
0.9566006134705635 0.7120048938505403
0.49959500921129707 0.9558635827301215
0.2571995823993637 0.04114572957126317
0.6305959949605245 0.582089879217459
0.5632145174503961 0.8611935180534902
0.14483423402841855 0.30630794938349903
0.8636898654534427 0.285969044540891
0.6553159951769522 0.540802583983587
0.76692122154175 0.5364422835214372
0.49217993768223256 0.5974516577861632
0.572787807497407 0.4626908564212171
38 43 0.2544391110261786
19 21 0.35266058333406697
31 45 0.778955389776534
24 41 1.1459468676519464
8 13 0.3944297904507455
6 22 0.4757335916374496
33 40 0.3433576626276536
6 31 0.4693035052435991
6 38 0.26537401434368163
13 20 0.6738122297102691
8 29 0.2595274922910107
20 22 0.5440670926398183
18 27 1.0376545626143525
0 3 0.8673007174957916
10 22 1.0385532281212573
5 29 0.8676995837908684
5 7 0.9017086456252527
8 27 0.6223985698926038
6 49 0.01737611908715039
17 23 0.8647321969212265
8 48 0.07520438824028657
23 26 0.3753139408580587
18 42 0.48547896459590506
1 43 0.19304617636803598
5 43 0.514441711884913
16 27 0.8752028158890646
28 45 0.3321464114686999
4 43 0.2520651493922077
5 47 0.8245418915905137
24 28 0.6009959675738424
11 12 0.49463828185008474
11 23 0.30106352923787594
24 29 0.7349319004608641
17 45 1.0613874377637456
1 42 0.2410697915547114
33 49 0.5525292181096814
12 37 0.41865038758703454
22 45 0.7520740026150414
23 31 0.5354189846373596
0 45 0.5054923871378724
0 12 0.12389693022600205
26 28 0.19846585858405671
1 47 0.38125528128285036
18 33 0.0481155727290065
5 15 1.2421070922717927
1 5 0.44373057011488476
4 46 0.44069073743532433
11 28 0.052221821704180625
21 38 0.39458396246856076
18 28 0.5222650596977718
12 32 0.8756675321624773
15 47 0.46094714230107436
5 20 0.15324211030445006
19 39 0.7253195233740964
22 49 0.4790142923094787
9 21 0.5576311108256697
8 46 0.1664133511370487
14 21 0.34574739602148397
20 47 0.6719341747162397
11 19 0.4302777556820422
17 26 0.5347558413057442
17 19 0.3481030612401432
5 6 0.69745445987663
29 33 0.707149642819475
11 16 0.4140285220090194
9 18 0.7242958805223673
11 36 0.37141312471560606
6 24 0.6118174071638104
14 42 0.4628076078498436
20 23 0.7074216819687636
15 31 0.9760062687563387
24 25 0.31430753363350317
23 48 0.33923846283870795
15 26 0.7206842323131374
25 36 0.35602372549706446
9 38 0.4884625055450972
21 28 0.4112941324315503
0 1 0.31697652035579793
3 25 0.9218530239845101
9 22 0.6499932412648425
21 22 0.09265735113099159
6 41 0.534179481170985
13 25 0.10806117812456008
24 46 0.5088512621712526
24 37 0.639647559923699
33 44 0.5400796358531701
8 17 0.6278976565797701
15 39 0.5826157070702072
12 38 0.39536239395940653
22 25 0.8829746894248034
10 45 0.6234967178173428
11 41 0.4985704558912743
21 26 0.3881745112946303
31 39 0.580927167487124
3 49 0.5202518635896377
28 34 0.5597127646610052
5 13 0.8181615222330645
6 47 0.21059207535623597
21 35 0.7181322835093834
8 11 0.1330216665011176
4 34 0.61686281629083
16 20 0.24608297507018373
8 19 0.3014444081701466
11 34 0.5305935086627035
26 34 0.5319416858670634
6 46 0.11032811247599877
15 27 0.021411974944673853
8 16 0.29167590180008746
22 23 0.7629136844411816
19 43 0.3782613085735791
3 14 0.305387406945841
40 47 0.49737061637057645
9 11 0.19369440084849698
0 2 0.8300304943306243
5 21 0.6475236999240646
29 43 0.5636600620893821
4 18 0.09528054774627179
11 20 0.5958392074467018
3 20 0.7605431799594635
10 39 0.18789187700531354
10 28 0.5777448183431361
3 13 0.8817227407847638
24 32 1.0424451326612563
10 46 0.4838473461661943
23 34 0.8259756674789855
43 47 0.3833533430424925
8 21 0.34519534237521526
25 30 0.7687804002515108
4 7 0.7850765800126822
10 34 1.1128120746357468
31 32 0.8245069323418215
37 38 0.16701895669666528
2 33 0.7383343892195214
28 39 0.4375881836216767
25 48 0.44429627882238243
5 30 0.3446485280071635
23 49 0.2862281581589155
19 27 0.9213303917707867
9 24 0.6315524509754017
15 34 0.91654223585373
39 40 0.5179972803658776
18 37 0.08538603846741895
0 25 0.22316583692877193
0 10 0.2665264382664191
9 39 0.40063606035207633
24 35 0.34000969271109743
4 9 0.6405993685445074
45 46 0.32918050160800205
8 20 0.46281759892361457
13 38 0.4502536223269134
12 46 0.362059198780753
2 31 0.828857759016875
28 33 0.5574401905166625
1 17 0.45368721825767777
15 33 1.0807919990803838
12 30 0.6135827639355554
7 29 0.5554120737489966
34 36 0.8546902371973293
14 22 0.4275039836905896
1 30 0.2828888323090008
19 48 0.2724194279278152
2 32 0.1048028669072847
4 40 0.2294884836758234
31 42 0.4031437524894211
13 17 0.8213878194477829
14 35 0.8005130821349035
18 19 0.16700478176143457
24 45 0.6885519932616546
8 33 0.45173343993197107
23 37 0.5768804703947797
11 42 0.1678099818124768
3 23 0.7978623312665425
0 36 0.5104184764729643
20 40 0.3286956195534121
17 24 0.8630916589148482
26 45 0.5269568608475483
9 17 0.9349414525873384
5 35 0.5306885774971078
32 34 0.3153493249141336
0 19 0.5213844840978885
21 48 0.39432408047644585
22 35 0.7697718531384042
32 47 0.6008795455418383
27 48 0.6717928845125455
28 46 0.09394453459508711
22 30 0.30481654629517446
0 37 0.44179256503000275
17 25 0.9282747474546076
6 11 0.056951256800859405
13 30 0.6779495325935104
34 45 0.788479911138019
21 49 0.3916700866722952
9 10 0.5795828171827997
0 43 0.19940573178914553
17 27 1.2479968695672814
7 33 0.7889927101008022
13 15 0.5972768935935833
9 40 0.6494322808190064
30 46 0.4990954093662445
0 49 0.3580039929430796
3 16 0.7340991116018436
29 41 0.4507563607179827
0 26 0.3257504758498269
18 49 0.5185761665898606
42 43 0.2871221076875859
24 33 0.7620573687243459
33 41 0.8086770194549162
5 44 0.6566745175047707
6 15 0.5453065138742085
34 41 0.2775136767575703
16 29 0.5446212665949288
36 44 0.784371398136689
32 37 0.7216365004117266
24 34 1.114211609643244
41 46 0.6388690400106374
13 16 0.42780079139243415
5 39 0.9316343406282134
10 17 0.9223242164812273
9 26 0.400314629618628
18 46 0.5290549166718002
28 32 0.44155300651380924
8 43 0.34674418085702513
17 37 0.2906746474938982
23 29 0.35127376734696714
17 47 0.833468853653292
11 18 0.5521595403739717
8 40 0.4336904075919061
0 27 0.6928630026661465
3 11 0.49797248084250173
4 19 0.1640300920275097
20 32 0.7863241942479403
3 35 0.9164089647392647
16 37 0.11725957410643097
14 29 0.2071804204951851
0 8 0.3598402847798657
5 23 0.8579823114790162
40 49 0.4985744916217723
0 40 0.3028226566794586
29 37 0.6109952533081818
21 42 0.4959217875556809
46 47 0.11169037009544734
25 32 0.8034261375836447
2 34 0.22259867472910924
38 46 0.299445202130991
3 34 0.18456705649277627
6 42 0.1232375419643893
29 47 0.2746483434600493
11 29 0.13061020446557403
16 24 0.5319108899253736
15 25 0.5299627310983613
2 30 0.5252244277474121
15 23 0.48076199888182336
4 30 0.24295829585074177
27 43 0.8427782778195554
17 41 0.9613375827919871
5 45 1.0488004241817823
14 38 0.5477890006040586
3 48 0.5740862984021023
2 4 0.7122359429981286
25 46 0.3006437482175056
1 23 0.42061298299372746
37 47 0.5429413699337229
20 21 0.5421921407452867
26 36 0.5700958643389213
35 39 0.43053333346244016
9 49 0.21442803852918288
17 36 1.1020000642066006
21 27 0.7873037956357489
23 41 0.7912515505041259
24 27 0.8520936636767963
0 13 0.11560404574310373
37 43 0.26195997529462406
11 43 0.43875289062420814
29 40 0.666873421224474
1 19 0.20442780036202074
9 43 0.5374986521180661
31 44 0.6733552718381597
29 35 0.6346153472119483
40 46 0.44331101740266554
8 25 0.4626566493782628
8 47 0.27734640866769056
29 32 0.33808994100566264
16 45 0.6828616079666016
7 13 0.9641876190623416
42 47 0.14376463541236398
31 34 0.7524962125444982
5 8 0.6130911988031974
22 28 0.49828377395060786
13 35 0.3362536485196538
16 41 0.7817467055940899
7 26 0.654056720331669
12 25 0.32344624137808325
39 46 0.34652943904393946
1 21 0.45338920599573296
16 44 0.5704258335272827
6 8 0.08679602762725609
17 39 0.9337284842256133
32 49 0.42337049061326276
15 48 0.6788198904925017
25 29 0.47036720820535716
2 5 0.8674770362696569
29 39 0.5277747714285798
27 35 0.8971658631624085
12 16 0.3092851075342076
15 19 0.9310032449475445
31 48 0.3344449145545679
1 28 0.29167200911421864
15 21 0.8034279177821335
41 43 0.8752848198551594
33 38 0.2727178074172154
2 22 0.25681591052424657
15 36 0.18008152955332363
2 35 0.8906369782825067
19 24 0.7533631658577751
38 41 0.648634591010614
9 13 0.35523496193207327
20 41 0.8306424033533505
15 32 0.6320560120619799
6 7 0.6071874166289831
0 48 0.30934138613607554
19 46 0.44505524381558514
0 15 0.690265793819648
10 43 0.41983619973050934
12 27 0.8162742865597531
0 21 0.70203635599242
23 47 0.08101976068718784
13 29 0.4596964218993369
39 47 0.2584579305574757
0 33 0.5736873424880459
23 27 0.4841637314251001
28 49 0.02009048072285423
43 44 0.6949388864313708
10 33 0.8086975992455081
14 33 0.77604936889086
22 27 0.8775472651515214
17 31 0.3573893605581626
31 36 0.8064243207749096
22 31 0.6666363838536998
14 32 0.14801537726766462
42 48 0.1392658937186751
7 20 0.812356081175066
6 33 0.536031269008614
8 42 0.152846979623518
16 48 0.22010207207966123
19 42 0.4100040047644826
6 25 0.40924631381359794
6 32 0.43247746816032895
39 48 0.4783398457085829
8 28 0.11093798755833499
13 22 0.8181880522144236
27 47 0.4608133522940973
26 44 0.4443073489136074
17 20 0.1655035076008273
1 22 0.5044680051740409
30 41 0.5955246706346689
8 38 0.18459122826851376
3 31 0.8449707709573531
17 49 0.7282097669660089
5 49 0.7139559765719632
45 49 0.3403742148243932
12 33 0.5439802765214704
1 20 0.2908014826175284
34 38 0.527497208660556
6 37 0.4303463378627224
24 49 0.6195423271922135
1 48 0.13570889524936866
30 40 0.4681228510836946
24 26 0.5845861707586555
4 38 0.1616422048034871
10 32 1.0152553102326696
15 49 0.5292620194744657
43 49 0.39861763534787337
1 8 0.20522623417361274
9 19 0.6173001522591921
0 16 0.324608193813278
10 41 1.122102374772372
14 23 0.5582927389485398
37 49 0.4475132400555327
22 32 0.33127158167245974
31 47 0.5224994252531067
19 44 0.3821651795370353
28 43 0.38846226397808364
4 11 0.4769673657262936
20 36 0.9373781835479459
7 39 1.0570921783779272
26 38 0.08820655415617895
20 24 0.7503803032508344
9 20 0.7695637814342061
28 38 0.2857225274579481
22 43 0.6972718930953614
8 9 0.3158658073704823
11 26 0.2327553325303188
12 43 0.15700573760617845
19 29 0.5451996770169324
25 27 0.537950624318845
22 38 0.443451998095051
41 42 0.6573016460879971
32 40 0.8675334301300036
25 38 0.544409581525892
25 33 0.7809696364937208
2 16 0.7155691205744977
36 37 0.8124574075730668
27 31 0.9728126533122569
26 39 0.5070396320231886
7 49 0.6027372816959709
3 22 0.23475478912464048
14 31 0.7878018996833674
8 23 0.34712961255103175
38 39 0.5693903037985272
9 23 0.23438890278504768
6 20 0.5461234733643595
4 42 0.3957323927997455
20 28 0.5669615650124239
13 34 0.8883696866735769
4 24 0.6299635807719399
19 38 0.1562774748186837
18 36 0.891587020244611
0 35 0.22161475305699546
26 29 0.36211879722820506
9 41 0.5980352881133825
2 46 0.5916178769365446
11 33 0.5846346036608477
36 40 0.7828242921368961
13 40 0.4184266525931916
3 18 0.737782485115553
23 46 0.18154982764592884
5 38 0.43369471276882493
19 22 0.36927461248632826
0 5 0.7094483477706315
27 46 0.522234564081248
27 39 0.5915574331451063
1 11 0.33045700679487133
2 6 0.484198592988849
28 48 0.15757442605756908
17 44 0.6812850819976204
28 30 0.45309980823286833
4 12 0.4088226709201067
18 22 0.5277615930841694
5 46 0.7282812673163448
39 41 0.969130445585602
35 41 0.9526318667780502
22 47 0.6862218389448277
35 48 0.35040139512107576
3 26 0.5783757261636019
13 49 0.3614709458188362
0 47 0.2417363794095528
19 26 0.23256086459095673
24 48 0.5729246021652888
31 35 0.17307339715045625
33 39 0.7934918524728024
2 45 0.6393258249654582
2 8 0.4767768455264906
0 17 0.711405431100351
32 36 0.6100543932378685
2 49 0.47820032273343727
8 32 0.4431508271178859
1 33 0.2871954749650513
13 31 0.473227676000793
6 35 0.4570788210731587
1 2 0.6353715025681713
7 37 0.7832880885190557
6 10 0.5918899328904063
9 47 0.17470667121242214
21 31 0.6320699617849703
12 13 0.22452374546457426
13 14 0.6641274167400014
2 28 0.49768866861527294
8 36 0.4916418865345731
5 31 0.3591515748942782
12 28 0.44252146909144335
0 6 0.34876649855024966
14 34 0.43471258407371977
35 40 0.0909626952322619
13 36 0.41770916393209034
1 26 0.1006523888118295
27 30 0.949086331468318
22 46 0.582398237544754
25 40 0.5257111621526642
9 15 0.32123975779595126
21 23 0.677230527034972
24 44 1.026124864732964
34 35 0.8537684332520752
20 44 0.5634123388700188
28 29 0.17633318051562716
3 5 0.8598024677883368
6 39 0.4565286816981132
43 46 0.3333662142953307
19 32 0.5901355052483992
42 46 0.04812191972925736
21 43 0.6431417220190592
11 48 0.19474812476949074
2 42 0.6063986203508993
16 33 0.24945422007096232
10 11 0.6235341755316872
30 33 0.2164664762089135
7 25 1.0047245570264027
34 49 0.539913433552529
3 43 0.8396392260725483
15 46 0.5263528670900314
20 46 0.5750470715645304
23 36 0.30070286555310854
31 38 0.2480317557804182
42 44 0.5585876486343068
11 39 0.4763866709368629
48 49 0.15702898541563132
15 28 0.5233797310251345
11 22 0.47464652603916385
39 42 0.35093720566077025
16 46 0.35381522039899926
17 42 0.6947413826750174
23 45 0.3015256530185992
1 35 0.26561477890722895
3 47 0.7168491770669508
16 21 0.5250097875853089
2 47 0.6704346536930847
23 32 0.6810214940583522
38 40 0.30081137406865693
26 37 0.2511278959353947
29 45 0.23863845093387942
15 43 0.8438059555837717
1 41 0.7003758544685516
0 46 0.25238876049315084
38 44 0.44299801732798566
25 44 0.8623071316751366
3 19 0.5718149826530757
13 33 0.6769011179680027
1 4 0.1551618636286758
11 21 0.38480997032609277
20 29 0.7197682270367012
27 29 0.384724285122258
0 18 0.5258900604401648
9 34 0.6948694141673222
12 14 0.7897050830879646
26 47 0.3208521685120323
33 47 0.668286897421246
30 34 0.3881861850300293
33 35 0.423030579632086
4 22 0.5310832147739225
10 31 0.5666262440794613
30 32 0.5613168645500949
23 24 0.3974201893708342
2 27 0.7165794026361016
3 40 0.9018962953126369
21 25 0.798630520978403
31 41 0.8958655901688537
1 12 0.335047075724735
24 38 0.6134168897793606
0 7 0.9480897751504002
4 35 0.2964293986465779
24 30 0.8352249148279933
34 43 0.7806146949554504
5 24 0.8682923380456828
12 42 0.3269904002206162
10 16 0.5683491477675836
19 45 0.7436035319327617
3 45 0.6946597149033126
0 42 0.22558754418209748
7 45 0.7720414022624116
42 45 0.3768558095491121
11 27 0.4911326060891729
12 31 0.30163310826731404
4 6 0.4238261710017873
15 20 1.0899414122143378
28 35 0.46086563564990635
31 43 0.16026519849242182
1 14 0.583459995886104
16 40 0.16972310016840633
6 44 0.45352366918655923
34 44 0.08812738390773685
10 26 0.5922315890652494
1 45 0.6113845118327197
12 15 0.8133177816602756
12 44 0.8221505134404341
1 25 0.5038516629034975
1 13 0.4051722615655176
19 37 0.1597149478239798
11 25 0.42500307179225133
6 14 0.34560473029331357
12 20 0.5339711573127618
16 17 0.399121696873127
3 9 0.6237637060619994
3 42 0.6457307909975798
14 24 0.9369047842928554
32 46 0.5338129635928072
11 35 0.5118951676778901
18 30 0.22353009072425287
3 39 0.9742382796889771
12 17 0.6584420295095146
47 49 0.2076705454507967
1 18 0.2446658277071841
25 43 0.4216765707099016
11 31 0.5260762917377065
0 32 0.781160983772482
29 38 0.44405923434483113
7 34 0.19962917374712336
3 24 1.1333310248522517
30 31 0.3863807070761863
4 8 0.34572477175601063
4 13 0.5345961216301388
39 44 0.9074991270202423
4 15 0.9618315193372234
13 43 0.31361959485147445
38 49 0.28229931560552224
11 14 0.29506680612378844
9 31 0.659593646780885
25 26 0.4760974180988012
3 37 0.7215949618521265
4 48 0.28492134660123253
11 15 0.5007426502633879
19 28 0.41205128196638136
22 40 0.7366683330815991
21 37 0.503860323362523
6 23 0.28756028017083507
11 17 0.7608902710110863
21 33 0.5197750914438866
4 14 0.7046777343208737
20 38 0.28133919265408447
18 40 0.2983637928944115
17 46 0.739000577901517
6 29 0.18721854370182153
0 23 0.21028230574773402
11 32 0.3927679184129905
4 44 0.541168747097308
18 31 0.20789604691413327
2 10 1.0754219927776405
11 30 0.46270202165491003
41 49 0.5265892344052212
6 9 0.22907008547723856
35 36 0.719132495467205
10 38 0.6332259449061857
23 25 0.12402553823488728
21 47 0.5993356758715749
35 47 0.4364098184943825
13 45 0.42379288468530335
13 24 0.2772813744950019
12 19 0.5312509236246007
10 47 0.42060922532025347
18 39 0.7460273206507201
32 38 0.576674218522282
14 30 0.5918612276425813
30 39 0.7967599898499309
6 26 0.1792334877748893
26 35 0.33874613406442483
30 42 0.4688454249457367
10 20 0.7992304304359218
8 34 0.4947627061215865
45 48 0.4848103183582973
27 40 0.9563920246105626
4 33 0.14235672842338198
7 23 0.880735361086459
10 15 0.7682018711446968
12 40 0.22397736506774651
0 28 0.3404713248334072
3 7 0.08287363017914211
25 37 0.6489065417439722
22 44 0.03915711281461489
26 42 0.17746267685284695
6 45 0.35544129780525935
17 35 0.5272581869571261
2 13 0.83906320600458
15 41 0.7326726441429263
11 46 0.14109575867697882
26 43 0.2616024909033031
17 32 0.9283605118536468
2 18 0.7345936197213482
7 12 1.0261584310377734
0 24 0.26642515808685463
6 13 0.35742254178540145
1 16 0.08713492111505106
30 49 0.4413281569772149
23 43 0.38431632429705803
10 30 0.8603724543624921
27 38 0.8011789721606314
43 48 0.27314040415161916
6 17 0.7115496816298096
1 9 0.48625161771280073
26 32 0.5314356500336208
26 27 0.7134679732855159
8 26 0.1046654491031055
7 35 0.9907213510410563
3 4 0.7226511376246939
41 47 0.7107283769239263
31 46 0.4512534784248161
19 25 0.7006576710675518
14 47 0.4807603443960346
13 41 0.8846410202092267
39 49 0.4576786637896701
33 42 0.5267928560919254
14 26 0.4840756310718916
9 48 0.3582352229023717
9 12 0.5379301667039611
29 36 0.30366640851014215
13 48 0.36277823006635984
26 40 0.3366484151589938
34 47 0.747468727635245
2 21 0.2200373611253
22 33 0.5203486194695498
35 42 0.3549674642535644
33 36 0.9304501886666655
18 32 0.755686440243255
17 40 0.43745828270302484
6 18 0.5017613474817066
43 45 0.6489750609117417
32 39 0.8589639481154836
3 21 0.21916955755410059
10 40 0.48524921116196845
1 38 0.06146062270276052
5 33 0.1614270445441414
5 26 0.5218496661769468
36 38 0.6581156902534501
1 39 0.5242913883530026
9 42 0.25650065025131596
34 42 0.645771664941973
24 42 0.48892327371363353
15 17 1.255423404541991
5 12 0.6607731047607106
18 38 0.2365443136892034
0 29 0.4906266409152073
27 45 0.19416217218941909
12 26 0.37792730278989817
11 47 0.22041444699105175
8 22 0.42379552661393277
29 34 0.5517930980439266
16 22 0.5674700438315018
18 35 0.376236281320623
11 45 0.3166082945957503
19 36 0.7925106254213472
23 30 0.6685013817936436
13 47 0.18634575553633062
15 45 0.19721528961937665
6 21 0.3896881659558587
8 49 0.10205526191844354
0 14 0.6843294470678656
27 32 0.6125285509307694
30 37 0.23730926969469165
27 36 0.18450150339320084
44 48 0.45322587833134453
21 30 0.30543552275605523
0 38 0.3696720593557778
17 43 0.5147908500727812
14 18 0.7569535604858152
12 18 0.49615846847112705
23 44 0.7410823196394146
20 30 0.23981183014000237
1 27 0.8015741191080384
3 15 0.792540528115878
14 20 0.7936028431592008
40 45 0.7624459040730373
8 31 0.40755330719081606
1 49 0.29248974637007386
6 30 0.42810018516266846
18 26 0.3242290235187957
21 40 0.6944913124742702
38 48 0.13044820440370267
3 41 0.09319766958288864
21 36 0.7241584354444954
5 42 0.6846791327819023
8 37 0.35147084858915667
31 33 0.2530123750476387
13 28 0.3417001883966369
19 20 0.19635404177392277
22 39 0.9266662679198296
3 17 0.8841956639411338
14 16 0.670570584111855
34 46 0.6476446789627611
11 38 0.31683544961101984
38 42 0.2599754087871938
11 24 0.6499290961293274
7 28 0.622578980450517
9 36 0.17775170190888287
15 30 0.9603238403178276
2 48 0.5439554243818637
12 21 0.7659056539136957
38 47 0.4036330699269126
13 23 0.12335989994856665
3 36 0.7619416951707547
41 45 0.6540404566934178
36 49 0.39118106184366436
12 22 0.8290346521760864
14 40 0.8165854447295569
2 24 1.0951797587400842
14 49 0.3323955339936728
2 40 0.8813148595308259
15 35 0.8968222062286628
4 25 0.6389690892167966
8 10 0.618790763230131
4 16 0.10715349723912226
35 45 0.7046862116745404
5 32 0.9058713945014394
1 7 0.7287010457277434
13 18 0.6297539472842912
32 33 0.765910016393081
22 37 0.5278781609463442
17 34 0.7314577693151736
19 49 0.40326072824897274
5 14 0.9278903355524293
13 37 0.5446170858549517
20 31 0.23888695943010405
2 14 0.24884093972492868
21 45 0.6594770708436356
9 37 0.6481273777771331
13 19 0.6061105864927526
7 9 0.7047595554202456
32 41 0.11291862833427714
1 24 0.5544218897965068
33 48 0.4031495598300862
7 44 0.24894953361558447
16 30 0.31124175352039535
12 49 0.45800014531131544
6 40 0.4822492855749196
16 32 0.7080520318543906
10 49 0.5972325433834887
5 10 0.9254818129512027
21 32 0.2698793182114004
36 47 0.28557711893569215
44 49 0.4556312924486689
29 42 0.28114754244233214
15 24 0.8436712336990656
16 25 0.5327566872850794
30 36 0.8323624903730424
35 44 0.7687807444057909
6 12 0.4461799787307764
45 47 0.2685163195969917
13 39 0.11923953443646461
27 49 0.5207160329960805
13 21 0.7385264357541877
4 36 0.8043201900736143
8 35 0.42371964215159014
32 48 0.5157710583675346
14 25 0.6774573271283275
7 21 0.2801540778407637
1 15 0.8074526486937413
29 31 0.6565179993660628
2 38 0.5823616925455835
14 41 0.2581819795807115
27 33 1.0729288159634214
17 30 0.3675039212700984
29 48 0.3250714163083737
44 46 0.561764507709002
2 37 0.7119657548234417
30 44 0.3236226873746663
18 43 0.3410483606836604
34 48 0.5413325365206505
20 39 0.7895169953649027
2 9 0.5712331178546379
26 49 0.19643511779047942
24 31 0.5129777091950117
19 41 0.6377355369152583
3 33 0.7378306798118214
7 41 0.13223440918335144
5 40 0.4417881304072923
2 23 0.7514142599420096
19 34 0.4547026444627809
9 29 0.14941339915798688
7 40 0.972404815090489
14 37 0.7079226949940629
18 41 0.804719870289067
4 49 0.4410383326660778
10 13 0.23785709420882956
33 45 0.8878269103854574
1 37 0.16334735241321546
24 39 0.2614918234122348
10 19 0.7809407330191603
16 28 0.37250933678709586
21 39 0.8441739116840549
20 48 0.411328735220064
10 27 0.7779071563407441
0 44 0.7620081531617731
8 15 0.631182731816329
4 17 0.29945238915388245
18 25 0.7342474881858033
8 18 0.41919299157672407
5 48 0.563994867067154
36 46 0.3637286722296803
33 46 0.5693298231709952
29 46 0.24165787472283173
8 45 0.44219307958391296
39 43 0.42072540466860014
7 27 0.8415578786150011
9 27 0.31551459335774124
20 33 0.024329570596667863
20 42 0.5315785298064214
37 46 0.44893055893643613
5 27 1.234323628955869
10 18 0.7607246005119601
20 35 0.41062124895011104
14 19 0.600244252025898
4 47 0.5340334070175174
22 29 0.5134416009713393
0 4 0.4316669235824256
28 37 0.4493126389725353
20 43 0.3805459718231431
21 24 0.9670132264400894
30 47 0.6099008316841801
9 28 0.20545985400377073
42 49 0.132657126391568
7 15 0.8614184247582712
1 6 0.2751145315626051
29 49 0.17008511596104847
4 31 0.14395462608419393
1 5
3 9 34 45
2 4 12
4 8 20 26 37
4 3 18 21 49
9 6 7 13 14 15 19 35 42 48
8 0 11 27 31 32 36 38 47
7 2 22 24 29 30 39 41
3 1 23 44
2 17 43
