50 900 10
0.26093736525794486 0.010977268801374618
0.3361979805227058 0.018807169535264512
0.6871349158817401 0.15954178019743037
0.26982961781358794 0.1240584835385129
0.9501606748958468 0.9423013564339295
0.24553158608156822 0.2624499634064703
0.23468286307913544 0.3072200970376008
0.5699902187146642 0.44540630772233514
0.6259571829591427 0.5082309594536562
0.39083125513879213 0.7198975579880579
0.9797622975231596 0.9300894911543467
0.6796604387842582 0.7643787178695716
0.6426664139396691 0.7989111194864051
0.5688909757797763 0.6074820117287866
0.45509842101570175 0.42876301362596625
0.8092388156087729 0.49879288090377827
0.05796639156155026 0.6269591240429306
0.3106638483296683 0.27644794315499344
0.8903874975718149 0.5209314737196632
0.5284419306935949 0.767195292013243
0.46342140004155974 0.09837246983519499
0.9014818220492259 0.05617078964048061
0.2000895284859805 0.052295771010601566
0.5524585948125955 0.5585471482658888
0.5758370978018059 0.3950778805417391
0.997534220690242 0.8909438946563548
0.7965885943329112 0.32079391067917484
0.7351653400800047 0.45700774435767255
0.022600180029593964 0.5705100080780509
0.17557015155500988 0.2977171627657432
0.4685453563160271 0.6464858109141034
0.24069398327668434 0.8576099832521688
0.9814374733677781 0.3335851241593947
0.32162103279236853 0.25958686836885503
0.7797508117464386 0.8430619637703848
0.14958075333297827 0.0996251699238615
0.7901290058431542 0.4635916069084758
0.5424754859126237 0.18235871596430098
0.19465167235221847 0.15192938830263847
0.2915353032947202 0.5210599873319929
0.6657409483484743 0.7169000988758146
0.9670733865296872 0.5794159728145705
0.8502047287534858 0.44625734069668566
0.33012601378903417 0.3513399569203386
0.29253962397679534 0.1482874528227709
0.4231779777412791 0.8631668819467582
0.7989045673782691 0.4076827894970777
0.7885683047681381 0.5408193169300375
0.254732681573432 0.7443194667835449
0.6147313535390871 0.40310266300036823
33 46 0.4997319023652856
17 34 0.7355909376858211
20 48 0.6788214080908623
3 11 0.7602442399066733
6 23 0.4051502219644493
14 17 0.20990766179340498
44 47 0.6325549118512364
3 33 0.14508719364652958
20 31 0.7912326484406113
7 49 0.061574081415313
12 35 0.8556484721844159
13 23 0.05162018991037337
18 40 0.2981103388404149
20 40 0.6507761731299974
12 25 0.3666076812799269
5 12 0.6674628405241027
11 14 0.40381431470320195
21 49 0.4500972738684219
9 12 0.2639395576811403
33 41 0.7203467199866972
1 45 0.848827923586261
8 49 0.1057259568948826
1 35 0.20336552970155397
1 18 0.7478334290868464
29 31 0.5636675295689452
9 49 0.3879307406663245
16 45 0.4349409242343915
0 5 0.2519441488980822
5 24 0.35593805005423035
25 32 0.5575911623441017
23 49 0.16745412649101987
4 27 0.530785157963744
32 38 0.8074841812997673
8 24 0.12375638247551203
24 31 0.5711889820815264
35 42 0.7816826829019026
1 22 0.1401677464490583
9 28 0.39737987460890717
18 29 0.7488581085767464
20 36 0.49002334411042286
15 43 0.5012897781311985
26 43 0.4674616561693807
24 27 0.1709409161661434
17 48 0.47120277804488386
7 42 0.28021580236207294
17 29 0.13675776618201127
2 16 0.7837933435050517
12 21 0.7865421877143967
3 9 0.6080013148639324
5 43 0.12270960902084738
33 40 0.5723232540086528
39 46 0.5198826397616865
18 43 0.5853667335788554
4 32 0.609519228209545
6 38 0.16036739210457251
11 46 0.37609991693918293
28 46 0.793196826095275
15 30 0.3713290114977452
3 7 0.4397281096779826
31 43 0.5141083812228642
33 36 0.5109967261722669
5 35 0.1889933217809616
3 34 0.8814678829131823
5 22 0.21501108152855875
29 37 0.38461291661684166
2 23 0.42112111702474064
12 18 0.3723418036381195
10 42 0.5008779426586816
26 29 0.6214470553189142
18 23 0.3400160029934143
20 39 0.45629986598997563
5 10 0.9923896798311804
6 15 0.6056522716092759
13 47 0.22956925697769748
30 33 0.4138569180109426
3 44 0.033208241936459625
0 3 0.11343030142752915
9 47 0.4361923624598341
12 26 0.5022828913815663
5 37 0.30755534065224543
39 44 0.3727738874230081
4 36 0.5047505912730694
32 45 0.7694871685988707
2 49 0.25409482377973164
24 37 0.2153193909669253
16 32 0.9689515688309863
16 22 0.5919771578089813
22 25 1.1572591379718251
21 39 0.7669137642988281
4 8 0.5417794880932322
21 40 0.701524753387787
23 41 0.41513965523501967
30 45 0.22137950578724058
38 39 0.3816331184323144
4 23 0.5526610505447482
4 9 0.601924288734817
6 30 0.4120593286835139
39 41 0.6780539233294178
16 24 0.5674142926199869
15 26 0.17844792377426955
36 49 0.18553503380466063
25 49 0.6201024934660194
4 45 0.5328911972932782
0 6 0.29740395452322976
2 22 0.49871326017059836
10 46 0.552827532318705
10 19 0.47981725024116667
4 26 0.6401998821126321
1 42 0.6685182017362794
15 18 0.08411436189026518
18 31 0.7317472796657235
9 11 0.2922342740160899
4 22 1.1639229642726927
6 33 0.09913208273054663
19 41 0.47713585776758255
14 40 0.3569219161349107
14 43 0.1470116739503053
11 24 0.38361751078880213
32 47 0.2830980869762569
1 33 0.24122054385049282
14 31 0.47945697020667166
11 18 0.3219820709130238
3 49 0.44364722629359715
22 31 0.8063372136935677
9 20 0.6257497617581878
30 46 0.4076322992251318
22 24 0.5086116499465656
24 34 0.4922098552049762
4 34 0.1972003512036154
32 34 0.5479453983527586
23 48 0.3509302975542571
41 47 0.18263013458946578
10 27 0.5325730097767264
11 37 0.5979690576544942
28 49 0.6153409996316578
46 49 0.1842301556601929
47 48 0.5713079586195875
21 47 0.49762803115250936
12 41 0.3916861029925762
21 31 1.0387229413691792
27 30 0.32709043619199096
11 36 0.3204312569465849
42 46 0.06418490910934171
12 30 0.2314122239669656
17 23 0.3715436191767288
8 23 0.0890716639348565
8 33 0.3929941174238111
29 33 0.15094627938774247
43 45 0.5202167521114348
4 6 0.9566800432947561
0 41 0.9065046280950187
6 46 0.5730958769511664
7 47 0.23849532915524566
29 48 0.4535640242710245
17 42 0.56563202980558
3 35 0.12270605617926093
37 40 0.5485698353669088
8 16 0.5802671076144168
4 49 0.6350181577138687
3 42 0.6638127544364687
11 31 0.4487578611074385
18 25 0.385213722396345
4 44 1.0309818260957406
8 46 0.200051823933285
9 40 0.27492603401964527
17 36 0.51469368380864
23 30 0.12155097689174885
1 25 1.0945264226430869
10 31 0.7426137974673435
9 37 0.5585194530284765
4 20 0.9742335897111416
11 42 0.3609523035741447
5 27 0.5268718470209406
22 49 0.5431328737527227
6 29 0.0598716829854459
16 38 0.4943036676197291
5 39 0.2626699192374091
30 41 0.5030194430550469
10 49 0.6410637309298459
17 44 0.1294356936497386
12 37 0.6246399669792224
37 49 0.23226881099173663
1 46 0.6044184256954858
7 37 0.264482695182254
38 45 0.7470495596812459
12 14 0.41495948265053073
7 28 0.5615040429901955
5 8 0.45291492885265505
41 43 0.6765505337130452
18 30 0.4401303031235218
16 34 0.753440897854573
4 17 0.9232101381394284
8 35 0.6276091091918908
0 31 0.8468746942094557
0 10 1.1668232773323945
27 34 0.3886202833230362
20 49 0.34022814794473977
11 15 0.2955103932813478
1 11 0.8208796464285643
10 15 0.46378338035966415
26 47 0.2201715341286424
7 40 0.28788379749526744
17 22 0.24994174618487258
23 24 0.16513254037979994
2 17 0.3942049158004716
31 34 0.5392531030886261
5 6 0.04606581873941668
28 48 0.28999176920819114
10 32 0.5965067192062121
6 18 0.6896528983615748
31 48 0.1141570241885914
2 30 0.5337563906893599
36 43 0.47350098798608864
4 48 0.7230608014032966
9 36 0.4744801726904634
2 5 0.45343532621751553
15 46 0.09169430430853925
4 47 0.432781610200451
30 34 0.3680910476518356
37 48 0.6313444439529905
8 43 0.334859474001353
27 48 0.5597888576981633
27 37 0.33550181623423375
34 40 0.1700443033615012
20 30 0.5481372908282983
29 40 0.6449664673105107
26 28 0.8132749810340217
22 35 0.06921855509144224
2 8 0.35401533686540904
9 33 0.46548467843200547
14 49 0.16168217817757263
8 37 0.3363954708651
34 44 0.8485790255187802
27 38 0.6206672444505072
40 45 0.2832503601757807
10 23 0.5662439111453672
6 16 0.3653241802782024
16 35 0.5352329310212878
27 36 0.055356587685758595
8 12 0.2911600141444995
19 21 0.8029412204620306
11 13 0.19205845550802786
21 32 0.2887068048632485
15 39 0.5181821597575431
34 45 0.3571391797119853
3 13 0.5684505285743985
37 39 0.42153235519755494
12 27 0.3541948182307783
15 16 0.7621265255941393
35 39 0.4447003480757191
10 29 1.0230443633335171
3 45 0.7548489544869981
10 47 0.4336893028496682
27 31 0.636383592266645
7 41 0.41908666466513445
20 44 0.1780227146116424
3 46 0.6003024647520178
5 26 0.5541370250455033
12 32 0.5755815429920563
8 29 0.49715645088139737
4 40 0.3629053702524417
27 46 0.08059553504121389
10 40 0.3795512148809162
19 43 0.4607221099783778
5 31 0.5951796801165427
36 47 0.0772434785792301
0 7 0.5331437480525584
4 16 0.9462829189749425
18 19 0.43777900998486585
2 43 0.4052676853237515
24 38 0.45213219068468347
16 30 0.4110430364317376
31 49 0.5886262468793645
11 21 0.7421342167560562
41 48 0.7311788032080458
35 36 0.7367317225728204
29 39 0.25165439337163303
13 34 0.3161641729035873
20 43 0.2859374223818601
24 41 0.4324885731211323
10 30 0.5846142389841243
26 35 0.6837651338015748
30 49 0.283911434205281
29 43 0.16359376089523953
19 45 0.1424466421700215
10 38 1.105410258422857
13 20 0.5199195678693985
31 41 0.7778296374615351
38 43 0.24107648592132208
40 41 0.33121461806366365
15 36 0.04005389519348269
5 25 0.9800574391719707
1 38 0.19431130303264177
17 25 0.9216269217195843
6 49 0.39195704044766494
21 33 0.6145051960747068
13 41 0.3991703079776163
27 40 0.2690051711478362
12 49 0.3967930213920642
13 35 0.6585891241255476
3 38 0.08017799458806388
7 24 0.050666917979409545
41 44 0.8005420648373704
9 39 0.22225225658477776
28 39 0.27344360493054914
7 22 0.5397799687886202
45 47 0.4872556246540454
3 19 0.6931848835543143
44 46 0.568938833790026
7 20 0.3630280949899868
1 34 0.9360208757854548
17 33 0.02010859851639073
31 32 0.9073604416435268
8 10 0.5505839444265693
13 44 0.5359381611456916
21 46 0.3661731546946262
34 36 0.37961224776028196
5 34 0.7889869935788295
6 20 0.3097396482205425
37 43 0.27137973046307196
7 19 0.3244601834562384
7 39 0.28854916246630985
1 47 0.6907500215603469
3 6 0.1865032735046573
13 14 0.21187077618824832
5 20 0.2727588585621952
24 40 0.3341440446223501
4 31 0.7145037545096959
25 41 0.3130135915656343
23 44 0.48566540859466345
18 32 0.20829967063345012
9 45 0.14687549029945485
13 18 0.3329429518011268
5 40 0.6189513985482747
2 31 0.8286185626820964
3 23 0.5183237775908834
7 36 0.22088863869581904
13 49 0.20945705626635916
22 29 0.24664318230211377
9 15 0.47323584488813203
13 32 0.4951909911259768
7 9 0.32778557122304863
13 36 0.2639142181574858
22 39 0.4776004818190397
22 43 0.3260934109061216
33 35 0.23491616105724217
1 49 0.4746197069038223
6 44 0.16913601088676145
32 43 0.6515534141303865
9 17 0.45063774143994284
4 41 0.36327928850868835
8 42 0.23265358629649438
26 45 0.6584860883458129
15 20 0.5290805142035755
26 38 0.625174603579709
35 45 0.8110803827012352
29 42 0.690793744334387
40 47 0.21468814884776347
5 29 0.07834779940534775
14 42 0.39549342079716304
27 49 0.13194734900813848
6 24 0.3522856823537837
16 41 0.9103493173110632
43 47 0.49605620853674887
46 47 0.13353716060203183
46 48 0.6398806871557117
11 23 0.24196475808536028
15 44 0.6243653655892432
22 32 0.8304386257670552
33 37 0.23396768363786488
5 16 0.4099361296387878
20 38 0.27405384514348824
36 37 0.37473217753857185
15 37 0.41387589300600813
1 32 0.7179269906085974
8 15 0.18352447845839975
20 41 0.6964683591177028
10 28 1.0224757815294123
16 33 0.4521903847735043
11 38 0.7812347181244025
39 45 0.36656093774214515
10 22 1.174057682527523
2 46 0.27215145689836606
19 35 0.7675843013099631
22 28 0.5477667973826738
1 31 0.8442222300966515
14 21 0.5814491431696381
0 42 0.7326013695524826
3 21 0.6352898913870211
32 42 0.1729654926233156
15 40 0.2610792914801089
5 46 0.5721138262648994
28 32 0.9876752278537534
20 24 0.31728755072561865
11 28 0.6850644205262562
28 30 0.45237089082932896
6 36 0.5770376648111663
31 36 0.6761133964943582
17 32 0.6732027283812034
0 33 0.25590865656036615
8 31 0.5200898338748484
19 27 0.37276116040826723
4 15 0.465358720012857
42 49 0.2393951474903659
13 28 0.5475404666098366
24 43 0.24957352177152695
31 47 0.6328685475029872
23 36 0.2559370608448766
18 36 0.11549729646026631
19 20 0.6719759198605862
5 44 0.12346187447763941
29 35 0.1997896054553676
10 33 0.9395337628332834
23 33 0.37770786197212647
17 45 0.5974098613633585
7 26 0.25860215260061237
21 24 0.4700026624321739
2 38 0.4925420729924684
21 41 0.5273402839210005
7 17 0.3095110585008665
28 45 0.49609537172014434
13 16 0.5112956959164285
36 48 0.604530690165161
26 44 0.5327512013306247
10 11 0.34281363158599987
8 39 0.33466786155020717
7 23 0.11449108103055636
23 47 0.23677430422062873
4 28 0.9992983930482476
17 38 0.17018723652948162
28 40 0.6595908630034055
7 15 0.2451326524799528
11 26 0.4587370431196411
9 18 0.5377210634175482
20 25 0.9557436730757546
9 19 0.14551210832974124
25 43 0.8582576094968805
33 38 0.16646726856889482
12 16 0.6094600929560239
2 15 0.3605560589686684
26 27 0.14942230304881074
23 26 0.3407727375374294
0 2 0.45134882984679525
12 42 0.40919046886557287
16 28 0.06661284869557467
21 30 0.7320558774457254
11 48 0.4254009548677049
4 35 1.1623387484381478
17 41 0.7229544306771821
24 36 0.2249781157194133
0 48 0.7333684458994302
11 17 0.6117474353691078
0 16 0.6485606079234937
5 18 0.6947314860848802
0 1 0.0756668193829563
10 43 0.8700450129274728
6 26 0.5620696569221796
6 7 0.36266575736716133
20 45 0.7658524830771983
42 44 0.6322787543205849
16 42 0.8125852062529543
27 41 0.26223103630589617
3 17 0.15776559125501144
18 49 0.29978315225928787
22 41 0.930655653638587
10 35 1.1742539696125385
1 24 0.44610150693718154
9 13 0.21057663487556186
0 23 0.6203365217185249
18 28 0.8692024272609051
33 48 0.4893258050569628
21 36 0.4223637910857704
12 15 0.3432452798331709
19 23 0.21002582708948314
6 11 0.6379647697807441
14 44 0.32417881285272687
17 18 0.6291674707166585
0 30 0.6685597841999014
1 27 0.5926168220417067
9 34 0.4079557480457923
10 36 0.50356832835204
0 26 0.6187960817538838
26 32 0.18529091511119322
14 48 0.37379446848721376
30 48 0.23513248202101528
15 45 0.5308590991694697
13 17 0.419839021420893
41 46 0.24036022546823746
24 42 0.2791002222424572
23 35 0.610671709972417
29 41 0.8401378402133215
2 44 0.3947557526853847
9 38 0.6008945585359543
10 24 0.6703678023743622
20 35 0.31384314678509834
9 30 0.10690540739474211
32 39 0.7149208547756171
13 37 0.4259431824863264
45 48 0.20615170601295277
0 36 0.6963501500864308
1 20 0.1500547749519769
12 31 0.4062356355866626
10 13 0.5223895374263041
25 28 1.02624278770015
10 41 0.35090301356214887
2 20 0.2319254658284987
35 41 0.9478889280234262
31 44 0.7112147514178605
0 27 0.6510263875057674
16 18 0.8391464475074808
21 26 0.28465415052130555
22 38 0.09978190203652948
2 32 0.34191385014398773
6 13 0.44927973469648197
8 27 0.12062437293724795
10 12 0.36172005739575297
6 37 0.332154577199005
32 46 0.196999304002502
4 7 0.6256470771825808
3 31 0.7341298849195704
6 43 0.10514731120435206
13 21 0.6438639100172722
17 40 0.5657542297118809
20 28 0.6459390087545899
13 22 0.6665180188177878
4 46 0.5556036556530043
12 22 0.8679336254101075
30 39 0.2169428406098173
21 23 0.6117182512042593
21 22 0.7014029977404515
16 23 0.4992021008627584
4 10 0.032021644488947135
27 45 0.5121536481430011
20 22 0.2673326331586482
22 47 0.7648284285068416
22 23 0.6168098701194442
20 34 0.8090900685875485
3 41 0.8327660632213733
42 47 0.11287610956645586
4 18 0.4255883113832483
0 22 0.07355051233432376
12 19 0.11854588261571998
24 32 0.41023532727783946
23 31 0.43201360195735566
7 25 0.6174930080545706
0 34 0.9805775501503895
22 44 0.13327198930529077
18 24 0.33879356680915135
44 48 0.5972298774843967
9 21 0.8374349076239095
0 21 0.642136788738873
41 42 0.17717083416272855
0 13 0.6713071834624814
18 26 0.22102777741407678
38 44 0.09795567756539188
22 42 0.7601680682641055
30 38 0.5653351265059661
2 19 0.6280336407948341
17 21 0.6305457179543289
0 8 0.6168473880806585
7 13 0.16207943165070873
39 42 0.5636550034250329
19 28 0.5427347212326556
14 28 0.4551339790570208
5 9 0.47996905693661057
1 8 0.5687671241683031
33 45 0.6120642497794311
8 22 0.6238911404941381
6 31 0.5504227106627364
8 21 0.5294074271081184
16 40 0.6143934332587152
2 11 0.604883120098829
38 48 0.595429032506523
3 20 0.19528837509224528
5 28 0.38026228175742915
19 30 0.1347530276075126
5 30 0.4440930914629207
9 27 0.43321705433064484
29 32 0.8066651418154996
7 21 0.5112640918525064
3 47 0.6654167247616556
2 41 0.5046383704937694
21 27 0.43397170004686997
24 46 0.2234233195371931
41 49 0.3939940246115263
9 22 0.6943158879515785
29 45 0.6172868219155325
24 25 0.6509313077478306
1 6 0.305756988178602
4 25 0.0698701776251407
10 20 0.9789592054647152
14 36 0.3368360486644255
38 47 0.709910094905045
15 41 0.17723384193501304
17 31 0.5853589487361098
24 30 0.2733449565021582
18 34 0.340600247901761
2 47 0.3945393420152974
5 38 0.12166989414965317
13 39 0.29050806419181846
7 18 0.3291784728653907
16 25 0.9759485973397496
14 30 0.2181376549978073
8 44 0.49063896767733933
2 12 0.6409138785264306
6 25 0.9605600791806667
15 21 0.45213171522407986
7 31 0.5275868466839652
6 12 0.638913639962022
2 33 0.37895833332742396
2 10 0.82424180878384
18 27 0.16786947713017206
7 44 0.4065199213534626
2 37 0.1464478174531092
37 47 0.43480533338146854
31 38 0.7071810210148376
3 48 0.620444683126492
22 26 0.6541424818506635
6 17 0.08197582310789298
18 39 0.5988522080665978
2 26 0.19489062910102653
4 30 0.5652080608607184
26 42 0.13643959154865556
0 12 0.8755323064643555
43 44 0.20650195185375445
32 48 0.8347470003706253
11 41 0.34178563397252093
1 40 0.7719665184699954
9 16 0.34559596338566895
17 46 0.5055705535645101
28 43 0.37763428042739056
14 45 0.4355750630039598
41 45 0.6134629525362169
8 40 0.21242777063213178
3 26 0.5622987174410979
3 12 0.7709950432988395
21 48 0.9443691293979952
29 38 0.1470312198780905
21 45 0.9380923517849203
1 44 0.1366425843450816
25 44 1.0239902206525582
24 39 0.31096463077215086
24 48 0.47442357833697246
11 16 0.6367005835709824
14 15 0.36099806286666425
11 19 0.1512447363681553
21 35 0.753155694596043
1 14 0.4268502182892123
2 28 0.7813458257912557
17 47 0.5461546417961247
16 31 0.29426041464657204
20 32 0.5689162020706999
9 31 0.20372999895528343
29 44 0.18976589707392547
13 25 0.5138926643572721
39 47 0.49742560816652653
19 37 0.5850049242158013
1 13 0.6329961294299319
27 32 0.27546888537676845
5 36 0.580555174261383
12 20 0.7231066136210306
11 22 0.8585163837759145
27 42 0.11554060812217681
38 41 0.8828250588143363
13 42 0.32423883506076573
1 7 0.4864623678567097
17 39 0.24535882578705898
29 30 0.45549318385239823
28 38 0.45256099175913345
18 46 0.1455829351089751
18 42 0.08479906280520218
14 46 0.34445179942337834
10 17 0.9353822790624835
31 42 0.7353328126699266
30 43 0.3259923151169575
15 23 0.2636411467508746
16 26 0.7995623154582084
17 30 0.4023115635173257
35 47 0.7765032944177431
6 22 0.25726078363908045
12 38 0.7869577937635626
11 39 0.45808855631765244
22 27 0.670893363749772
28 37 0.6487925394427307
14 22 0.4547055311205822
0 19 0.8021373892042322
23 39 0.2636024493274028
18 35 0.8522286277330898
30 31 0.3106278550634937
25 27 0.5070877754873505
12 23 0.25673388808756825
23 27 0.20902632684005576
38 46 0.6561488881114462
28 44 0.5011378947603367
25 42 0.46845715969218404
2 39 0.5359052785416362
6 27 0.5224165474739557
7 38 0.4764532785253439
1 15 0.6739094262412879
32 44 0.7133831185963799
38 42 0.7185949855916862
34 46 0.43580028883160526
33 34 0.7418396601141848
11 34 0.12731510493730194
15 24 0.25540783694973185
5 11 0.6636266535529101
26 39 0.5433096062526596
15 25 0.4350144562677981
12 47 0.2964772171586167
8 34 0.36846204920902464
9 26 0.5691421084449337
16 20 0.6661813678781874
0 45 0.8674959095533799
12 43 0.5458950881690174
23 34 0.3641571530538135
26 48 0.6877366697115431
15 48 0.6064324835104019
21 28 1.0183210556116842
2 29 0.5298971074166783
12 44 0.7388504075065115
5 41 0.7880926474178077
44 49 0.4107776794522727
26 31 0.7727808967450267
20 47 0.5490716912730446
13 48 0.3426659056931445
15 47 0.04683472369387971
14 38 0.3800912587774629
16 27 0.6981990313165889
27 28 0.7215482459179827
8 19 0.27671600958825227
26 46 0.08691973880183392
11 45 0.27484969380445823
13 27 0.2242535827234842
48 49 0.4960120472337766
0 39 0.5109996218743105
25 47 0.4077425338926463
18 37 0.485462954457718
35 48 0.6532133375981288
10 26 0.6362340056355097
26 34 0.5225394054060538
19 24 0.3751235393646576
5 33 0.07614329395258743
30 47 0.33701646174462624
14 32 0.5348753393774971
8 11 0.2617168581267091
7 35 0.5443424600742827
25 45 0.5750275265146159
28 47 0.7665433485826674
8 36 0.17013247551455932
32 49 0.37323727912190185
25 48 0.7571346309364873
6 40 0.5946837619964308
20 23 0.46870924539792025
3 39 0.39759443003705464
13 30 0.10765936882804061
35 37 0.401511034131388
27 43 0.4185959115234463
0 37 0.32959871634068516
3 24 0.4087689951069332
18 41 0.09644253314612455
17 28 0.4116469057594235
0 29 0.29917775312696615
37 45 0.6911813469157635
9 41 0.5931189339102043
1 21 0.5665173091780575
26 41 0.30975867283022496
14 23 0.16224341295101907
28 35 0.4877054406093429
12 29 0.6851089698632117
0 28 0.6081788389816224
21 29 0.7650440534568397
11 32 0.5259776601565431
6 19 0.5457761169184637
33 43 0.0921464267375031
11 20 0.7002311363379907
0 14 0.46069886493414064
5 13 0.4728725084792843
37 44 0.25224746986573493
6 32 0.7472198890838463
12 40 0.08519531465857637
30 36 0.3699545019350869
22 37 0.36625744155305323
16 49 0.6000824426996247
4 24 0.6630020157857811
5 7 0.3724868161634229
8 17 0.39132244186384185
25 38 1.0912207966433676
7 48 0.4344380178855293
39 48 0.22627246436660872
11 29 0.6869352405363911
15 29 0.6648063027893216
3 29 0.19759095083099856
12 24 0.40932559457233336
31 39 0.34036853493683394
5 32 0.7393359764260415
34 41 0.32341761790369294
0 38 0.15576037068487875
8 9 0.3163652175390087
13 26 0.3661096458415174
13 45 0.2942907247191934
6 9 0.4412312399630519
19 25 0.48514048809640825
7 10 0.6346896445293753
4 33 0.9279876906023729
28 34 0.8047121520524795
8 38 0.5594419121629907
8 47 0.16584443909576335
11 25 0.3421439539116286
7 27 0.16558204627935577
25 31 0.7575739532334202
27 47 0.09937935567578822
3 14 0.35660816044470905
3 16 0.5457060388686162
2 7 0.30893592890986793
0 9 0.7207221371991486
15 17 0.5459068321058742
29 49 0.4516289018517323
20 26 0.4005891619840496
25 26 0.6045247298343704
13 43 0.35016775881844764
8 32 0.3960648995488467
3 4 1.0641295721268198
15 33 0.5431303881681119
8 20 0.4409102655200465
42 43 0.5286692534108842
0 20 0.22053957809425964
15 27 0.08504632510042819
4 43 0.8565502651268646
4 38 1.0933808581332485
13 46 0.30467356551633096
36 45 0.5425066427675722
14 29 0.3087216682634521
22 46 0.6963328110266527
8 14 0.18843532298090526
20 29 0.35013804114211877
7 16 0.5432585247250721
27 44 0.539653354442714
8 13 0.11448721928477013
1 37 0.26324801531866654
36 41 0.2114819084321154
2 34 0.6897662977548453
6 45 0.5870325680082183
11 27 0.3123422952875628
26 30 0.46226353943096216
6 48 0.437558972315682
36 38 0.6721060877627785
23 43 0.30391873375938827
3 32 0.7418134221057916
9 42 0.5346989403207184
11 40 0.04947697924839608
30 32 0.6008037645566108
19 33 0.5481251641399161
30 42 0.43099340697389116
16 37 0.6575854205900413
37 42 0.4053884199567796
9 35 0.6655371064158767
1 26 0.5505955948890772
40 44 0.6801467266437582
33 49 0.3263593777371181
19 38 0.6999771916515778
16 39 0.25645479852079045
7 34 0.4495881750847618
24 33 0.2880687801350836
25 33 0.9249163920143597
16 36 0.7501673409355736
21 43 0.6430958691714181
0 18 0.8100992286033806
30 35 0.6330837058560205
13 29 0.5006551032616633
4 14 0.7133079732842178
10 16 0.9703585480185589
28 29 0.31275509371083177
21 37 0.3805377013334328
34 35 0.9745832796460351
2 24 0.2605080783291727
1 12 0.8381438262079006
1 10 1.115621127359878
25 35 1.1598320597894618
19 47 0.34483592124957235
37 46 0.34136023777633906
5 47 0.6102281334247099
2 48 0.7272803001345663
17 19 0.5368987367926187
10 25 0.04299091739240132
20 46 0.45631330181751945
9 29 0.4738920012262052
22 33 0.24029046086551695
2 9 0.633872587412495
12 39 0.44776590815094885
6 34 0.7643465017961791
2 21 0.23797091812298815
5 21 0.6876203964365841
3 5 0.14050834867043843
31 37 0.7396190568847432
23 37 0.3763208724756508
12 28 0.6607943720462481
45 46 0.5904542561748134
7 46 0.23200181648291854
0 17 0.27008776732841405
19 36 0.40081831658436684
7 4 5 13 16 21 30 36
6 7 8 18 24 38 39
3 33 40 43
7 2 20 22 25 34 46 49
6 1 10 17 41 44 48
5 3 23 28 37 45
3 6 11 47
4 0 31 32 35
1 26
6 12 14 15 19 27 42
