10 26 4
0.4462378633933688 0.3440973397758186
0.9618314852813217 0.21153919405539945
0.6128824027132878 0.7537936242383949
0.9774974587027668 0.9288824476450087
0.5144149568397997 0.9742707946675386
0.22053112726544566 0.7742257621240702
0.8048204804207523 0.36384166391747697
0.5148347751376147 0.6622043738530646
0.43998427711619315 0.2149119689374216
0.08168374583468052 0.6194116400760248
0 6 0.3591257879490389
1 2 0.6448296901338815
3 9 0.9477628336772366
0 3 0.7900698576669569
3 8 0.8936857752282186
5 7 0.31490225242292097
2 5 0.3928829286239448
4 6 0.6759874938152356
6 8 0.39406282403766274
0 1 0.5323611978049989
0 4 0.633850691662453
3 7 0.5340168104143256
0 7 0.325419147301246
6 9 0.7669698492258268
0 9 0.45683439951341887
1 8 0.5218581074201529
0 5 0.4857509551666532
1 5 0.9306677144283909
8 9 0.5403695537943014
2 6 0.43462944795787073
7 9 0.4352597296446156
1 6 0.21874299525565336
3 4 0.46530152114204676
1 3 0.7175142968567023
3 6 0.5908370554594817
3 5 0.7726038553527925
2 6 7
1 3
5 8 9 1 5 2
1 0
