10 45 10
0.202370280447992 0.486817562077416
0.16821957727838588 0.029978626149125054
0.8346920711406678 0.18210903058286576
0.4483126611346312 0.2917418505130259
0.7624401883903814 0.1006584090459206
0.6393935691348913 0.7407084905004861
0.03285284431481206 0.14932136885218916
0.8098894328047695 0.16979316157966773
0.04537754354770818 0.06891032134397856
0.5928420019551631 0.48694032732520787
1 3 0.3833694318193452
3 4 0.36768054746304535
4 6 0.7312084355998293
0 2 0.7019103476587002
6 8 0.08138061594902198
6 7 0.7773062164614332
1 8 0.12886365718011397
8 9 0.6888152285773265
6 9 0.653891747764992
2 6 0.8025092999077652
4 8 0.7177651271143646
1 9 0.6237933951879621
4 7 0.0838513255911843
0 9 0.39047174080601516
5 7 0.5958298014746359
3 8 0.4604460873724561
4 9 0.4218735180497124
2 7 0.02769208366528787
1 2 0.6836148367525261
0 5 0.5054205757487931
1 5 0.8527261404946481
0 4 0.6802919911718779
1 7 0.6567254432477156
0 3 0.31391430018424593
3 7 0.3815877940185775
4 5 0.651770340902531
1 6 0.18046285664679385
3 9 0.24288099083257506
2 8 0.797390350607936
3 6 0.4391929564422253
3 5 0.4879374521635264
5 8 0.8967540458433564
2 5 0.5917557448018206
1 4 0.5984093635469382
5 9 0.25800257566203366
0 6 0.3776769010605313
0 7 0.6852619871197104
0 8 0.44642264872750015
2 4 0.10887854843685144
0 1 0.4581136146274979
2 9 0.389118973372735
2 3 0.40163217461061534
7 8 0.7711392716425618
7 9 0.3843070542923247
5 6 0.8471306738140962
1 0
1 1
1 2
1 3
1 4
1 5
1 6
1 7
1 8
1 9
