10 21 4
0.16609531998140215 0.8464006228947305
0.2967635410397258 0.5197285374075706
0.38962886198037006 0.08859427925490948
0.03439082138637739 0.3715550223676872
0.9668689604339143 0.5215817788478081
0.22960092557963785 0.6863537009534163
0.6789752549614865 0.1966610798821723
0.38622294515769895 0.1872987981836275
0.7183961018819998 0.6342309020217711
0.6664438846646904 0.4891699401642484
0 1 0.35183637593500366
6 9 0.29277716540918036
0 2 0.7900871463701703
3 6 0.6678899483638534
3 8 0.7327085651866926
2 4 0.7215845799810081
0 5 0.17218588549961866
1 5 0.17965177995811635
0 4 0.8641444929475326
4 8 0.2728160303003151
8 9 0.15408346935613876
1 3 0.30132181231628274
7 9 0.41188585955197
2 3 0.4541594958029553
5 8 0.4915663846775182
0 6 0.8277724937803523
0 7 0.694889478049036
4 5 0.7554561148950105
1 2 0.4410223536128915
4 9 0.3021684189947603
2 6 0.3088685295218586
2 0 2
2 4 8
1 3
4 5 6 7 9
