10 45 5
0.26372010465766016 0.16629012610373073
0.03647853882089103 0.9751518242313532
0.5724718066400468 0.53235466987057
0.46047339233454077 0.5319884205318166
0.37936522843602216 0.9049315196172764
0.19726520386527746 0.19123504053584262
0.0889764421462752 0.4210522679106411
0.9533685708899775 0.6422622065931314
0.3795662785594356 0.30928342903836104
0.1756520084128882 0.6718330995936637
3 6 0.38770712394482953
3 5 0.4305710353193209
6 7 0.8922486140118013
0 9 0.5131565917156492
6 9 0.2653369166310382
2 6 0.49614110106804765
5 7 0.8804077499362198
0 4 0.7476395541070211
2 5 0.5070922956259988
0 8 0.18403103187189748
1 3 0.613323273799894
6 8 0.31134342191458775
1 5 0.8002361372842454
0 5 0.07098241046450035
1 4 0.3500031044081138
0 7 0.8379525215559628
4 9 0.3095705887672444
5 6 0.2540519905705812
7 9 0.778278542209683
1 7 0.9754500645542917
3 7 0.5050801569409478
0 2 0.478885021357157
0 3 0.415267502652534
2 7 0.39643664266120565
4 8 0.5956481245093111
2 4 0.4196470654166986
5 9 0.4810838020426462
4 5 0.7365616628646248
3 9 0.31730073274569726
2 9 0.42061881154206937
2 8 0.2949123958915272
1 8 0.7490593547081527
5 8 0.21718449268464482
4 6 0.5643268356502334
0 6 0.3089321875200723
3 8 0.23694614218323526
8 9 0.4159606870716962
2 3 0.11199901314532161
7 8 0.6634183725113844
1 9 0.3337236931266779
1 2 0.6952396011861411
4 7 0.6312487664565286
3 4 0.3816609613340825
1 6 0.5565809448484302
0 1 0.8401761576847129
1 2
1 9
2 1 4
1 6
5 0 3 5 7 8
