10 31 10
0.8145264059330476 0.45231623690682743
0.6664412660775019 0.6320591206837005
0.8155340939925939 0.7579208313516257
0.35314295972506116 0.7249953033554875
0.19919597245438514 0.26446528133833436
0.9970531532497444 0.971312909065949
0.8724615875854319 0.2143744095214235
0.3392309308736813 0.21896529134728115
0.3994738929206746 0.13393496892906043
0.02149227998629566 0.02508835502058704
1 7 0.5269849289116563
7 8 0.1042083020048885
5 8 1.0287384444081678
0 4 0.6433657776669774
1 2 0.1951149444506385
5 6 0.7671238168166873
2 3 0.4635619175935832
3 9 0.7745075272059389
1 9 0.8856481835524426
2 4 0.7895385107138014
2 9 1.0805303516125289
2 5 0.2801523651601691
2 8 0.7499762979049661
1 8 0.5651541815217652
5 9 1.3590658277364225
3 4 0.4855796289681407
0 3 0.5359370837272511
3 8 0.5928734049551018
0 1 0.23288776892413873
3 7 0.5062212140949716
2 7 0.7192619670874139
1 3 0.32679192586860456
4 6 0.6751264207221971
7 9 0.3722178350202485
6 7 0.5332504190839271
0 8 0.5231015392416818
1 5 0.47370597723830665
4 9 0.29812734723625334
3 5 0.6894147519511963
4 8 0.23905942333228367
1 6 0.4657304916074807
2 0 9
2 1 0
2 2 1
2 3 2
2 4 3
2 5 4
2 6 5
2 7 6
2 8 7
2 9 8
