10 15 5
0.28774230871603756 0.8347086836969003
0.4337987160647071 0.38695875953578174
8.887488551767575e-07 0.15756680490397967
0.2449368095447202 0.39701992878671255
0.42965110279770513 0.3461576575900317
0.5757980813372912 0.364281259181389
0.7966089126519125 0.502892992535209
0.14849521806153176 0.397814176911072
0.9873959482071035 0.20021282209910185
0.9290140246849272 0.3660187020061857
1 4 0.04101137178637284
4 9 0.4997577301463623
0 5 0.5516140769385101
1 3 0.1891297090915654
7 9 0.7811661537197043
2 8 0.9883155802804914
0 1 0.4709697110365888
6 8 0.35779180889334045
0 7 0.45854832058941875
4 5 0.14726643973048464
2 4 0.46921830329716974
6 7 0.6565766662078121
0 3 0.4397769399754108
3 8 0.7681006508433883
1 9 0.49565783349117226
1 6
1 5
2 1 9
3 2 4 7
3 0 8 3
