10 34 5
0.9371954835578716 0.3529799225738447
0.9730392600129137 0.10575694132056512
0.4113122610660984 0.07209924083353325
0.010307528886341122 0.5163565165661446
0.24555836477112936 0.36625148167837973
0.3240154348433695 0.368586735777645
0.16288483269011278 0.6027630231828003
0.06375442728239977 0.48330238290371164
0.3749746653306194 0.016042613538507333
0.5037814907158817 0.7243758982553233
1 9 0.7764613756811569
3 7 0.06284223659556205
3 8 0.6191091357468551
0 5 0.613378630830825
6 9 0.36193952925391165
1 3 1.0466347965311575
0 8 0.65545327725788
1 4 0.7727133093832519
2 5 0.3090721121790124
0 9 0.5707737379589516
3 6 0.17534513971514182
0 1 0.24980788372330937
2 7 0.538409204855196
1 8 0.6047560830796855
5 6 0.2842562304209584
0 7 0.883109971891407
1 7 0.9845503884992235
3 4 0.2790599886819117
2 9 0.6587984488820292
0 6 0.8136022255359654
7 9 0.5017372383607552
6 8 0.6238773406709407
4 6 0.25054465105355594
2 4 0.33763870472889795
4 9 0.44151135944758624
3 5 0.34676873903831784
1 5 0.7002224121606349
0 3 0.9411764935333319
2 6 0.5859353522930117
2 3 0.5984724908230288
4 5 0.07849181649081981
6 7 0.15523428053167687
4 8 0.3733561706659136
5 8 0.35620808707441876
1 5
3 2 4 6
1 9
1 7
4 8 1 0 3
