10 42 5
0.1755497363769687 0.1589318575148604
0.4656148300426034 0.8244401086321536
0.7214398550526447 0.8592515970011454
0.23062883762798236 0.26770472172605175
0.32432395721954665 0.4172303291876055
0.9791319348942892 0.20344033393536942
0.6304341448813164 0.8256364835528688
0.6887772717399098 0.3305232154492531
0.32657733182403503 0.6885372515184427
0.09935319339376947 0.6027361925024631
1 8 0.19442482475894923
0 4 0.2980803067225208
4 6 0.510391059790184
0 7 0.5411525636754277
4 5 0.688824832374993
0 8 0.5507188102327834
2 8 0.43018577382806594
3 5 0.751256812385329
0 3 0.12192310438684577
1 2 0.2581826546146211
3 7 0.46243502336313475
1 5 0.8058166895446593
3 9 0.3598324348633861
5 8 0.81310917436515
3 8 0.43163194004840927
0 6 0.807102771325208
2 9 0.6728981849871543
3 4 0.1764558945516533
2 3 0.7686502198485078
1 3 0.6042952156558673
0 1 0.7259745111699525
7 9 0.6492462160154407
1 7 0.5419920412291608
3 6 0.686390657397891
2 4 0.5942085808125601
8 9 0.24288398632606492
1 6 0.16482365684832298
7 8 0.5092767877074452
2 6 0.09701554069286175
1 9 0.4281357412175761
0 9 0.45029790241170214
4 9 0.2915892143076356
0 2 0.887943556304049
2 5 0.7046230345206157
1 4 0.43102542293741636
4 7 0.3746256024856207
4 8 0.2713162800160342
6 9 0.575961384802205
6 7 0.49853893398999516
5 6 0.7132448368959798
6 8 0.33335440939900146
0 5 0.8048138631057526
5 0 4 5 7 9
1 2
2 6 8
1 1
1 3
